sep=	
time (source1)	sensor right	time (source1)	sensor left
0	2662	0	2872
0.203	2664	0.203	2870
0.413	2663	0.418	2872
0.649	2664	0.624	2870
0.87	2664	0.836	2872
1.075	2665	1.077	2870
1.254	2664	1.256	2871
1.463	2658	1.48	2870
1.676	2656	1.698	2873
1.901	2612	1.905	3128
2.117	2761	2.118	3096
2.328	2711	2.303	3040
2.513	2708	2.516	3048
2.728	2707	2.745	3073
2.933	2790	2.948	2893
3.175	2720	3.146	2897
3.372	2608	3.368	2796
3.59	2809	3.568	3008
3.8	2744	3.798	2902
4.007	2667	3.988	2843
4.221	2732	4.207	3166
4.422	2780	4.425	2860
4.614	2692	4.614	2946
4.833	2677	4.83	2928
5.065	2910	5.047	2923
5.265	2632	5.266	2809
5.458	2844	5.465	2861
5.687	2717	5.669	3062
5.899	2715	5.889	2985
6.11	2824	6.104	2883
6.315	2740	6.312	2896
6.514	2787	6.504	3068
6.741	2781	6.755	3056
6.959	2738	6.928	3096
7.144	2802	7.132	2840
7.344	2776	7.359	3080
7.557	2757	7.566	3030
7.788	2695	7.765	3010
7.974	2866	7.98	2904
8.196	2773	8.183	2977
8.395	2681	8.397	2792
8.61	2792	8.614	2903
8.824	2717	8.814	2862
9.029	2869	9.032	2915
9.244	2594	9.243	2848
9.443	2968	9.442	2988
9.699	2634	9.686	3026
9.9	2791	9.885	3013
10.106	2713	10.085	2864
10.316	2684	10.306	2972
10.518	2784	10.511	2946
10.741	2794	10.725	2978
10.934	2785	10.934	2916
11.125	2892	11.13	2885
11.368	2667	11.341	2900
11.543	2808	11.545	3156
11.756	2689	11.758	2933
11.994	2608	11.984	3011
12.214	2891	12.19	2865
12.407	2626	12.409	2958
12.624	2728	12.616	2983
12.835	2768	12.83	2850
13.037	2899	13.036	2806
13.262	2774	13.252	3148
13.453	2784	13.454	3124
13.671	2741	13.666	2872
13.875	2840	13.855	3046
14.092	2653	14.071	2908
14.273	2795	14.275	3081
14.494	2689	14.496	2828
14.725	2665	14.719	2916
14.906	2668	14.912	2976
15.124	2731	15.119	3059
15.34	2824	15.366	3014
15.593	2611	15.581	3041
15.794	2689	15.774	2924
15.99	2733	15.998	3005
16.207	2601	16.219	2878
16.431	2710	16.407	2840
16.583	2789	16.589	3040
16.804	2861	16.805	2884
17.003	2636	17.037	2993
17.249	2765	17.238	2931
17.463	2647	17.448	2835
17.675	2707	17.667	2890
17.882	2594	17.871	2882
18.081	2638	18.101	2851
18.315	2752	18.307	2861
18.519	2726	18.512	3094
18.684	2649	18.686	3012
18.899	2645	18.902	2963
19.12	2660	19.128	2930
19.336	2783	19.319	2918
19.564	2764	19.522	2914
19.761	2837	19.76	2953
19.95	2546	19.952	3028
20.168	2838	20.154	2963
20.366	2711	20.367	3082
20.599	2773	20.587	3092
20.827	2660	20.803	2939
21	2595	20.998	3064
21.216	2681	21.242	2987
21.469	2758	21.507	3013
21.655	2844	21.667	3032
21.886	2682	21.869	3006
22.098	2608	22.082	3194
22.3	2761	22.282	2974
22.498	2774	22.529	2952
22.735	2720	22.716	2919
22.913	2689	22.914	3136
23.109	2728	23.097	3090
23.308	2692	33.926	3137
34.121	2664	34.102	3144
34.294	2663	34.292	3137
34.512	2656	34.471	3058
34.684	2619	34.685	3039
34.903	2624	34.89	3029
35.103	2632	35.104	3342
35.319	2618	35.32	3069
35.521	2690	35.552	3315
35.731	2610	35.741	3525
35.975	2639	35.962	3645
36.188	2617	36.175	3221
36.388	2786	36.405	3305
36.59	2869	36.574	3148
36.787	2597	36.785	3256
37.001	2774	36.989	3088
37.225	2698	37.221	3100
37.439	2636	37.432	3072
37.646	2608	37.647	3095
37.852	2811	37.854	3169
38.072	2812	38.045	3094
38.251	2808	38.255	3377
38.499	2603	38.495	3288
38.692	2683	38.675	3316
38.888	2798	38.891	3110
39.111	2826	39.1	3122
39.3	2593	39.323	3300
39.541	2659	39.544	2852
39.763	2658	39.743	3099
39.955	2657	39.93	3120
40.164	2587	40.156	3057
40.368	2620	40.353	3064
40.584	2557	40.569	3047
40.814	2669	40.802	3188
40.982	2820	40.98	3214
41.219	2657	41.226	3005
41.424	2827	41.399	2934
41.61	2806	41.612	2932
41.833	2734	41.832	3068
42.031	2603	42.077	3114
42.247	2670	42.247	3120
42.461	2677	42.45	3120
42.662	2744	42.664	2841
42.883	2777	42.882	2953
43.081	2867	43.08	3051
43.294	2590	43.296	2976
43.513	2801	43.5	3104
43.711	2714	43.709	2977
43.924	2808	43.94	2995
44.149	2630	44.16	3037
44.346	2735	44.364	3030
44.587	2732	44.564	3088
44.781	2744	44.766	3042
44.99	2682	44.979	2984
45.202	2700	45.194	3028
45.405	2674	45.407	2916
45.634	2675	45.61	3021
45.825	2765	45.831	2908
46.023	2720	46.029	2985
46.242	2756	46.254	3042
46.473	2665	46.471	2944
46.684	2774	46.681	3069
46.903	2692	46.883	2986
47.103	2688	47.092	2941
47.295	2732	47.306	2876
47.494	2787	47.565	2881
47.727	2716	47.726	2891
47.945	2700	47.94	3054
48.157	2705	48.144	2947
48.337	2798	48.347	2877
48.543	2755	48.539	3008
48.78	2722	48.793	2924
48.975	2782	48.988	3067
49.2	2743	49.237	2971
49.424	2736	49.404	2917
49.624	2709	49.591	2946
49.827	2720	49.81	2990
50.055	2734	50.038	2860
50.223	2781	50.227	3010
50.444	2918	50.461	2839
50.64	2796	50.639	2996
50.857	2850	50.869	2834
51.072	2646	51.06	3022
51.27	2706	51.27	3049
70.6	2651	70.602	3090
70.817	2656	70.806	3096
71.017	2658	71.02	3091
71.231	2667	71.226	3092
71.437	2624	71.441	3062
71.649	2576	71.648	3086
71.872	2610	71.886	3058
72.098	2697	72.088	3023
72.314	2765	72.285	3098
72.487	2774	72.508	2996
72.719	2657	72.702	2976
72.916	2677	72.922	2885
73.134	2576	73.133	2869
73.349	2814	73.334	3030
73.552	2598	73.556	2789
73.766	2790	73.749	3051
73.962	2674	73.955	2912
74.166	2840	74.169	3028
74.381	2897	74.384	3032
74.6	2696	74.588	2951
74.801	2834	74.801	2873
75.017	2709	75.019	2964
75.217	2685	75.216	2880
75.434	2067	75.435	2868
75.67	2841	75.638	2819
75.882	2914	75.866	2898
76.09	2857	76.064	2924
76.266	2727	76.265	2882
76.479	2857	76.486	2880
76.712	2837	76.697	2880
76.915	2864	76.899	2868
77.112	2760	77.114	3059
77.332	2865	77.317	2970
77.532	2784	77.534	2837
77.745	2859	77.752	2851
77.947	2822	77.95	2860
78.161	2734	78.181	2884
78.383	2829	78.392	2892
78.576	2800	78.577	2922
78.792	2868	78.795	3096
78.997	2745	79	2925
79.21	2783	79.216	2936
79.43	2642	79.416	3185
79.627	2675	79.634	3102
79.848	2588	79.852	3074
80.068	2718	80.059	2919
80.289	2680	80.266	2970
80.484	2582	80.481	2945
80.698	2813	80.68	2901
80.891	2808	80.886	3032
81.099	2928	81.131	2910
81.338	2937	81.338	2954
81.541	2940	81.555	2956
81.757	2939	81.762	2956
81.962	2939	81.948	2956
82.156	2937	82.146	2956
82.363	2936	82.358	2957
82.578	2934	82.579	2958
82.778	2935	82.787	2957
83.018	2933	82.993	2960
83.208	2933	83.195	2958
83.407	2932	83.412	2960
83.624	2932	83.688	2960
83.836	2930	83.827	2961
84.039	2930	84.042	2959
84.261	2929	84.267	2961
84.457	2928	84.458	2960
84.669	2927	104.488	3050
104.484	2878	104.712	3051
104.72	2877	104.903	3049
104.904	2887	105.139	3045
105.118	2883	105.325	3079
105.35	2873	105.561	2931
105.548	2925	105.76	2973
105.787	2864	105.953	3024
105.953	2874	106.168	3048
106.165	2686	106.372	2955
106.382	2756	106.626	3026
106.628	2608	106.837	3068
106.84	2732	107.003	3098
107.032	2701	107.219	3082
107.215	2707	107.423	2864
107.433	2618	107.64	2912
107.635	2712	107.851	3096
107.853	2760	108.053	3084
108.068	2746	108.266	3100
108.267	2883	108.481	3240
108.479	2728	108.686	2988
108.684	2770	108.907	3004
108.93	2685	109.115	3109
109.125	2824	109.323	3026
109.319	2827	109.529	3016
109.532	2864	109.737	2930
109.764	2828	109.961	3102
109.966	2817	110.19	3011
110.187	2949	110.384	2937
110.396	2860	110.582	2936
110.584	2813	110.782	3011
110.783	2853	111.013	2913
111.025	2914	111.217	3032
111.24	2620	111.44	3001
111.445	2890	111.64	3116
111.649	2755	111.845	2980
111.88	2819	112.074	3113
112.077	2725	112.267	3017
112.276	2637	112.483	2789
112.496	2856	112.68	2786
112.676	2901	112.899	2900
112.895	2979	113.096	2816
113.094	2936	113.314	2818
113.311	3003	113.513	3054
113.514	2945	113.728	2890
113.73	3018	113.932	3182
113.945	3046	114.148	3069
114.145	2978	114.362	3171
114.359	3132	114.565	3168
114.577	2734	114.778	2954
114.776	2944	114.994	3108
114.997	2728	115.195	3048
115.194	2929	115.409	3046
115.41	2791	115.613	3168
115.624	2830	115.83	3187
115.825	2778	116.046	3024
116.043	2843	116.247	3102
116.244	2827	116.46	3170
116.471	2710	116.664	3020
116.67	2776	116.894	2936
116.897	2784	117.103	2996
117.099	2758	117.314	2809
117.322	2854	117.511	3093
117.538	2778	117.712	3003
117.718	3212	117.969	2840
117.966	2992	118.16	3022
118.17	3064	118.367	3070
118.375	3172	118.591	3089
118.6	2893	118.792	2854
118.803	2995	118.996	2960
119.006	3063	119.221	1429
119.22	2741	119.419	3060
119.425	3048	119.623	2934
119.633	3169	119.825	2956
119.846	3140	120.022	2963
120.023	3120	120.251	2957
120.265	3120	120.465	2958
120.474	3117	120.677	2962
120.74	3112	120.906	2961
120.924	3113	121.119	2963
121.114	3111	121.316	2961
121.328	3117	121.522	2961
121.538	3110	121.743	2960
121.704	3112	121.947	2962
121.936	3113	122.141	2960
122.167	3114	122.334	2961
122.333	3113	146.734	3201
122.552	3115	146.951	3202
146.793	2991	147.193	3209
146.947	2989	147.366	3170
147.163	2989	147.598	3178
147.424	2987	147.784	3099
147.62	3008	147.995	3114
147.792	3131	148.217	1015
147.996	3010	148.434	3216
148.216	2980	148.634	3037
148.437	2910	148.862	2995
148.63	3066	149.072	3165
148.897	3006	149.278	2765
149.063	3036	149.464	1142
149.301	2938	149.68	916
149.494	2836	149.897	855
149.677	2913	150.108	3403
149.894	2862	150.333	3185
150.111	3019	150.53	2257
150.322	3030	150.756	2585
150.551	2956	150.948	3004
150.768	2800	151.172	2478
150.958	2972	151.376	3192
151.182	2832	151.593	3076
151.383	2914	151.795	3075
151.599	2977	151.997	2918
151.824	2800	152.214	2936
152.005	3155	152.427	2902
152.208	3113	152.626	2973
152.424	3128	152.839	2972
152.627	3039	153.066	2940
152.843	2994	153.258	3006
153.063	3081	153.475	3028
153.258	3047	153.68	3340
153.471	3002	153.891	3264
153.691	2956	154.099	3073
153.889	3077	154.332	3326
154.113	3001	154.556	2986
154.333	2928	154.727	3232
154.525	2909	154.976	2856
154.736	2928	155.173	1629
154.938	2923	155.408	3437
155.174	1086	155.587	3290
155.402	2736	155.81	3089
155.594	3052	156.007	2944
155.819	2840	156.214	3625
156.018	2674	156.424	3120
156.232	2962	156.625	2833
156.409	2845	156.839	3666
156.629	2650	157.038	3265
156.838	2728	157.285	3024
157.038	2824	157.479	3554
157.298	2674	157.674	2953
157.496	2748	157.89	3317
157.672	2705	158.091	3287
157.888	2696	158.308	3133
158.107	3138	158.508	3485
158.315	2790	158.725	795
158.522	2804	158.988	907
158.72	3244	159.155	3044
158.984	869	159.367	3594
159.168	2789	159.607	1075
159.366	2627	159.809	2972
159.616	864	160.02	3594
159.824	2816	160.223	3640
160.006	2553	160.449	2980
160.241	2884	160.657	3189
160.432	2700	160.862	3225
160.651	2804	161.051	3301
160.862	2857	161.272	3319
161.068	2803	161.471	3324
161.268	2916	161.685	3345
161.482	2916	161.905	3348
161.682	2914	162.104	3350
161.899	2920	162.32	3352
162.104	2923	162.522	3354
162.317	2928	162.75	3353
162.535	2931	162.948	3344
162.733	2934	163.153	3339
162.951	2930	163.37	3368
163.166	2922	163.579	3133
163.368	3074	163.781	3551
163.584	2976	164.029	3481
163.784	3149	164.24	3708
163.993	3660	164.441	3189
164.23	3812	164.647	3564
164.45	2972	164.861	3167
164.649	3254	165.078	3074
164.866	3113	165.28	3019
165.071	2835	165.493	2800
165.297	2832	165.695	2824
165.492	2640	165.902	2912
165.708	2614	166.098	2737
165.904	2672	166.302	2850
166.092	2819	166.515	3216
166.312	2656	166.733	2768
166.512	2702	166.934	2899
166.732	2516	167.152	2807
166.954	2614	167.366	2848
167.147	2689	167.565	2950
167.386	2608	167.778	2810
167.576	2565	168.005	2784
167.78	2695	168.214	2919
168.047	2593	168.415	2832
168.195	2711	168.614	3057
168.411	2572	168.839	2996
168.613	2652	169.052	2795
168.853	2664	169.265	2789
169.062	2665	169.48	2878
169.264	2700	169.678	2929
169.487	2800	169.894	2893
169.683	2706	170.102	2920
169.891	2769	170.325	2917
170.108	2555	170.531	2928
170.292	2803	170.712	2947
170.542	2794	170.922	2934
170.713	2813	171.141	2932
170.922	2837	171.342	2932
171.138	2819	171.571	2929
171.342	2816	171.803	2929
171.554	2817	172.001	2933
171.798	2816	172.225	2952
172.014	2816	172.435	2956
172.239	2853	172.622	2942
172.426	2855	172.835	2921
172.629	2839	173.026	2813
172.834	2836	173.24	2955
173.022	2864	173.447	2887
173.236	2666	173.657	2668
173.455	2699	173.88	2961
173.674	2940	174.093	3441
173.895	2615	174.302	2874
174.09	2957	174.505	2818
174.317	2885	174.732	2820
174.513	2641	174.942	2850
174.711	2874	175.125	2982
174.922	2642	175.337	2756
175.122	2658	175.571	2797
175.349	2976	175.792	2842
175.554	2670	176.013	2705
175.789	2657	198.264	2908
175.983	2626	198.728	2909
176.204	2588	198.784	2909
198.482	2553	198.886	2910
198.844	2553	199.1	3063
198.918	2553	199.33	3059
199.098	2564	199.518	2894
199.339	2632	199.765	2865
199.531	2507	199.975	2850
199.733	2523	200.153	2972
199.983	2616	200.367	2845
200.149	2504	200.569	2920
200.367	2607	200.786	3146
200.583	2597	200.994	3190
200.782	2528	201.197	3283
201.017	2555	201.417	2832
201.198	2480	201.618	3106
201.408	2746	201.832	2789
201.644	2582	202.046	2730
201.828	2545	202.247	2755
202.041	2536	202.463	2734
202.249	2474	202.668	2835
202.461	2608	202.877	3097
202.676	2489	203.1	2970
202.878	2695	203.298	2826
203.098	2692	203.512	2865
203.311	2746	203.741	2842
203.512	2670	203.954	2855
203.774	2585	204.154	2898
203.949	2628	204.363	2964
204.168	2697	204.563	2974
204.392	2845	204.768	2994
204.579	2608	204.977	2964
204.774	2720	205.195	2990
204.979	2762	205.398	2993
205.193	2749	205.627	2894
205.403	2664	205.823	3075
205.61	2598	206.05	3257
205.823	2884	206.263	3222
206.028	2828	206.447	3336
206.256	2803	206.664	2963
206.469	3018	206.876	3310
206.661	2848	207.079	2860
206.876	2882	207.293	2998
207.08	2733	207.509	2962
207.294	2749	207.727	2753
207.527	2664	207.92	2787
207.73	2804	208.127	3089
207.932	2681	208.372	2963
208.141	2642	208.595	2848
208.366	2628	208.758	3034
208.598	2564	208.977	2193
208.786	2972	209.178	2858
208.972	2676	209.389	3093
209.19	2618	209.606	3180
209.391	2713	209.808	2802
209.607	2965	210.023	3248
209.809	2688	210.228	2880
210.024	2844	210.437	3178
210.241	2961	210.668	3074
210.441	2729	210.858	2929
210.665	2841	211.068	2960
210.874	2837	211.292	2858
211.072	2855	211.492	3024
211.29	2851	211.701	3056
211.489	2847	211.91	3010
211.706	2766	212.122	2925
211.923	2725	212.341	2989
212.121	3032	212.537	3091
212.338	2776	212.755	2698
212.563	2771	212.959	3112
212.749	2752	213.169	2933
212.97	2851	213.39	2883
213.17	2732	213.59	2986
213.389	2731	213.806	3008
213.605	2574	214.021	2824
213.804	2734	214.223	2984
214.021	2609	214.439	3025
214.235	2622	214.664	3291
214.437	2752	214.85	3364
214.64	2599	215.064	2752
214.867	2777	215.313	2732
215.068	2829	215.486	2856
215.3	2582	215.728	2854
215.497	2974	215.925	3025
215.702	2754	216.129	2912
215.949	2744	216.324	2359
216.174	2981	216.537	3070
216.319	2961	216.758	3325
216.552	2649	216.979	2870
216.769	3000	217.169	2925
216.952	2906	217.369	3536
217.158	2803	217.584	2810
217.368	2876	217.806	2855
217.581	2933	218.018	3344
217.822	2594	218.234	3132
218.005	2886	218.435	2987
218.233	3120	218.65	3066
218.45	2928	218.861	2860
218.637	3178	219.068	2774
218.865	3081	219.279	3136
219.053	2960	219.467	2871
219.277	3152	219.742	2935
219.481	3104	219.902	2885
219.716	3049	220.119	2930
219.918	3057	220.315	2764
220.119	2894	220.547	2897
220.31	2995	220.736	3297
220.533	2857	220.973	3092
220.75	2758	221.163	2900
220.976	2701	221.37	3011
221.173	3007	221.581	2758
221.384	2883	221.777	3030
221.587	3058	221.995	3228
221.778	2988	222.234	2766
221.993	2804	222.438	3013
222.234	2837	222.662	2952
222.46	2718	222.857	2933
222.661	2522	223.08	2867
222.868	2877	223.276	3084
223.069	2346	223.497	2958
223.295	2695	223.692	3344
223.508	3032	223.921	2830
223.706	2738	224.093	2972
223.923	2642	224.316	2876
224.09	2734	224.53	2978
224.307	2686	224.737	2939
224.536	2690	224.947	2963
224.74	2713	225.158	2901
224.944	2674	225.369	2925
225.17	2622	225.582	3181
225.374	2596	225.793	2989
225.585	2972	225.996	3211
225.806	2724	226.212	3189
226.009	2692	226.409	3192
226.229	2798	226.629	3302
226.408	2546	226.829	3008
226.608	2858	227.028	3197
226.823	2718	227.258	3121
227.049	2700	227.465	3214
227.243	2832	227.667	3188
227.479	2784	227.873	3076
227.671	2950	228.078	3340
227.87	2796	228.319	2977
228.091	2835	228.501	3052
228.291	2764	228.707	2964
228.5	2708	228.926	3043
228.721	2956	229.14	2880
228.919	2730	229.341	2868
229.138	2951	229.558	2862
229.338	2844	229.758	2791
229.555	2854	229.969	2885
229.772	2723	230.19	2830
229.971	2717	230.391	3001
230.189	2672	230.603	2647
230.389	2680	230.808	2947
230.603	2702	231.021	2958
230.824	2650	231.238	2881
231.02	2749	231.44	2977
231.233	2638	231.655	2995
231.453	2606	231.857	2914
231.649	2664	232.073	2864
231.873	2552	232.286	2882
232.07	2734	232.488	2868
232.29	2711	232.706	2811
232.506	2770	232.923	2876
232.7	2693	233.124	3072
232.936	2631	233.331	3024
233.131	2748	233.563	3292
233.332	3051	233.767	2949
233.564	3136	233.982	2810
233.769	3381	234.167	2948
233.977	2738	234.388	3217
234.209	2695	234.604	2816
234.387	2700	234.812	3028
234.599	3027	235.042	3168
234.804	2816	235.217	2909
235.011	2868	235.427	2977
235.257	2892	235.637	3048
235.462	2921	235.874	2825
235.647	2872	236.089	2834
235.855	2656	236.311	2882
236.091	2702	236.482	2973
236.315	2698	236.73	3186
236.516	2723	236.94	2971
236.728	3144	237.131	3102
236.935	2705	237.344	3069
237.147	2850	237.55	2871
237.359	2934	237.746	2808
237.564	2595	237.949	3120
237.769	2708	238.165	2938
237.948	3150	238.38	2902
238.16	2958	238.584	3329
238.383	3064	238.801	2848
238.578	3320	239	3466
238.798	2749	239.215	3026
239.013	2922	239.433	3235
239.224	2742	239.636	3620
239.431	3172	239.847	2835
239.63	2696	240.048	3393
239.847	3088	240.26	2956
240.074	2998	240.478	2869
240.263	2709	240.683	3336
240.479	2979	240.898	2874
240.679	2779	241.099	2944
240.897	2188	241.317	3239
241.105	3024	241.527	2882
241.312	2796	241.729	2897
241.527	3120	241.947	3040
241.729	2922	242.15	2771
241.943	2776	242.359	2784
242.158	3060	242.58	3095
242.362	2882	242.82	2900
242.573	2885	243.021	2914
242.831	2882	243.225	2764
243.028	2628	243.447	2984
243.232	2656	243.645	2698
243.437	2699	243.859	3022
243.656	2685	244.062	3409
243.862	2560	244.272	3205
244.088	3068	244.471	3083
244.27	2880	244.673	3356
244.486	2749	244.901	3032
244.678	2894	245.105	3038
244.884	2791	245.319	3741
245.116	2673	245.536	3255
245.32	3660	245.744	2910
245.535	3432	245.948	3744
245.752	3106	246.158	3709
245.963	2857	246.366	3218
246.162	3612	246.594	2865
246.371	3281	246.808	3712
246.597	2570	246.977	3366
246.802	3411	247.188	3577
246.979	3074	247.409	3412
247.189	2958	247.632	3344
247.404	3184	247.825	3078
247.631	3150	248.044	3278
247.836	2812	248.266	2897
248.034	2991	248.466	2964
248.271	2604	248.665	2880
248.489	2624	248.871	3824
248.687	2697	249.116	3605
248.869	3480	249.287	3075
249.125	3793	249.504	3840
249.288	2862	249.708	3822
249.498	3616	249.921	3728
249.72	3811	250.136	3838
249.919	3106	250.34	3836
250.134	3796	250.553	3765
250.351	3816	250.769	3830
250.55	3755	250.968	3832
250.803	2956	251.188	3816
250.99	3798	251.399	3787
251.187	1964	251.598	3832
251.402	3079	251.819	3833
251.603	3032	252.017	3826
251.814	3728	252.237	3836
252.02	3460	252.437	3826
252.236	3061	252.653	3818
252.451	3761	252.864	3829
252.651	3748	253.087	3820
252.868	3089	253.301	3812
253.102	3571	253.535	3822
253.315	3786	253.71	3779
253.515	2977	253.914	3807
253.75	3782	254.146	3819
253.911	3769	254.35	3816
254.126	3006	254.585	3749
254.362	3403	254.785	3803
254.583	3790	254.991	3767
254.796	3099	255.214	3778
254.998	3363	255.413	3803
255.2	3741	255.614	3723
255.424	3317	255.829	3770
255.612	2846	256.029	3778
255.833	3403	256.217	3798
256.038	3169	256.436	3270
256.228	3286	256.651	3651
256.428	3516	256.876	3784
256.669	3336	257.079	3077
256.868	3171	257.289	2883
257.094	3738	257.503	2907
257.279	2682	257.709	2814
257.493	2920	257.925	2864
257.712	3000	258.133	2927
257.914	3550	258.325	2881
258.11	3371	258.53	3534
258.346	3232	258.771	3459
258.529	3196	258.973	3718
258.764	2645	259.201	3414
258.983	2689	259.413	3326
259.208	2576	259.614	3108
259.415	2881	259.812	3197
259.627	3142	260.04	3549
259.826	2973	260.241	3140
260.024	3203	260.442	3188
260.239	3125	260.638	3458
260.461	2727	260.845	3276
260.657	2921	261.062	2854
260.839	3051	261.276	3305
261.056	3261	261.477	2945
261.259	3290	261.678	2915
261.481	3192	261.895	2857
261.692	2907	262.11	3022
261.891	2829	262.332	3692
262.113	2574	262.544	3427
262.349	2667	262.773	3761
262.559	2305	262.941	1985
262.754	2510	263.158	3265
262.973	2733	263.376	3762
263.153	2629	263.6	3472
263.398	2674	263.804	3555
263.6	2786	264.026	3762
263.831	2517	264.234	3321
264.034	2820	264.434	2972
264.246	2556	264.656	3036
264.446	2610	264.871	3712
264.646	2557	265.049	3760
264.865	2724	265.258	3779
265.091	2622	265.458	3545
265.25	2936	265.676	3656
265.467	3169	265.878	3604
265.674	2653	266.088	3308
265.901	2724	266.301	3704
266.109	2604	266.508	3592
266.326	2638	266.722	3174
266.519	2746	266.951	3588
266.718	2684	267.165	3280
266.968	2600	267.376	3181
267.179	2946	267.557	2998
267.372	2619	267.801	3576
267.563	2603	267.992	3156
267.768	2600	268.188	2880
268.003	2580	268.402	3062
268.203	2499	268.62	2900
268.402	2647	268.822	2963
268.618	2482	269.038	3031
268.819	2689	269.238	3171
269.039	2622	269.455	3179
269.248	2678	269.668	3035
269.451	2653	269.871	2924
269.668	2784	270.085	2939
269.868	2696	270.288	3019
270.081	2318	270.517	2896
270.298	2550	270.718	2757
270.502	2596	270.919	2877
270.713	1640	271.135	2831
270.933	2685	271.338	2939
271.13	2601	271.55	3050
271.349	2670	271.763	2779
271.549	2578	271.981	2864
271.763	2827	272.178	2978
271.983	2926	272.397	3168
272.181	2810	272.597	2968
272.396	2567	272.818	3014
272.6	2622	273.02	2776
272.815	3094	273.234	3020
273.031	3116	273.45	3401
273.235	3238	273.651	3473
273.448	2766	273.871	2942
273.649	2739	274.083	2814
273.87	2714	274.299	3138
274.081	2683	274.495	3051
274.281	3238	274.787	3450
274.498	3193	274.938	3217
274.732	3149	275.138	3244
274.974	3556	275.334	3192
275.129	3286	275.56	2917
275.343	3436	275.771	3092
275.547	3325	285.033	119
275.768	3172	285.29	165
275.991	3461	285.538	207
285.256	35	285.778	362
285.499	41	285.954	309
285.774	59	286.223	295
285.937	71	286.433	2449
286.164	63	286.637	863
286.432	94	297.348	3267
286.635	1123	297.541	3248
297.327	3175	297.744	2859
297.54	3012	298.011	3100
297.754	2678	298.208	3072
297.998	2840	298.395	2751
298.169	2918	298.589	3053
298.408	3117	298.795	2908
298.588	2771	299.009	3240
298.805	2792	299.226	3289
299.006	2560	299.425	2969
299.224	2928	299.64	2762
299.438	2619	299.854	2773
299.655	2906	300.057	3499
299.854	2557	300.286	2888
300.055	3100	300.475	3504
300.292	2693	300.7	3691
300.499	2808	300.907	3264
300.689	3380	301.108	3192
300.899	3336	301.321	2761
301.106	2548	301.527	3485
301.319	2494	301.761	2913
301.526	2768	301.954	3521
301.74	2954	302.154	2740
301.971	2901	302.385	2752
302.155	3074	302.616	2743
302.4	2806	302.805	3091
302.602	2993	303.006	3185
302.818	3067	303.205	2948
303.023	2957	303.42	3114
303.218	3122	303.638	3648
303.419	2917	303.842	3389
303.655	3031	304.056	3010
303.835	3089	304.254	3431
304.076	2821	304.469	3554
304.28	2806	304.715	3568
304.47	3034	304.902	3570
304.702	3003	305.115	3573
304.92	3012	305.329	3653
305.126	3056	305.519	3181
305.322	3134	305.739	3041
305.517	3149	305.955	3398
305.742	2840	306.17	2996
305.962	2952	306.372	3149
306.146	2700	306.565	2810
306.379	2834	306.783	2826
306.605	2698	306.984	2951
306.783	2816	307.2	2934
306.996	2592	307.416	2994
307.197	3032	307.618	2817
307.414	3253	307.835	2833
307.615	2713	308.034	3336
307.833	2822	308.25	2772
308.048	3072	308.464	3252
308.247	3019	308.666	3146
308.466	3388	308.88	2936
308.682	2761	309.084	3053
308.877	3037	309.312	3038
309.096	3017	309.515	3021
309.322	2708	309.745	2780
309.526	2722	309.95	3334
309.731	2755	310.134	2881
309.958	3301	310.377	2817
310.173	3169	310.573	3479
310.367	2925	310.79	3474
310.583	3200	311.009	3472
310.796	3188	311.193	3436
310.995	3168	311.394	3502
311.223	3166	311.615	3481
311.395	3100	311.815	3489
311.611	3107	312.032	3597
311.828	3106	312.239	3526
312.027	3116	312.447	3514
312.244	3224	312.663	3625
312.468	3210	312.877	3442
312.683	3104	313.1	3619
312.892	3196	313.299	3354
313.091	3098	313.494	3520
313.295	3080	313.707	3200
313.509	3086	313.941	3549
313.708	3206	314.16	3611
313.935	3084	314.338	3578
314.126	3197	314.559	3497
314.349	2977	314.771	3588
314.576	3158	314.989	3567
314.775	3179	315.181	3470
315.002	3160	315.407	3476
315.176	3373	315.639	3368
315.412	3018	315.805	3574
315.631	3378	316.022	3537
315.82	3147	316.257	3482
316.023	3396	316.441	3522
316.279	3101	316.657	3561
316.452	3376	316.882	3380
316.658	3248	317.084	3400
316.889	3440	317.296	3558
317.094	3132	317.516	3349
317.314	3363	317.723	3330
317.514	3238	317.909	3504
317.734	3294	318.118	3072
317.925	3260	318.325	3497
318.152	3305	318.553	3683
318.329	3621	318.775	3592
318.546	2994	318.991	3684
318.786	3129	319.191	3500
318.994	3072	319.414	3664
319.215	2948	319.616	3014
319.42	2833	319.839	3498
319.624	2601	320.041	2873
319.823	2725	320.251	3153
320.05	2644	320.424	3028
320.253	2689	320.635	3080
320.442	2690	320.856	2938
320.635	2958	321.088	2946
320.879	2828	321.289	2870
321.057	3312	321.485	3196
321.314	3017	321.697	2932
321.498	3291	321.921	2892
321.711	3360	322.13	3024
321.928	3214	322.355	3149
322.135	3382	322.571	3698
322.349	3362	322.743	3478
322.576	3168	322.983	3740
322.756	3090	323.216	3360
322.948	3217	323.41	3454
323.198	2962	323.602	3040
323.421	2874	323.785	3229
323.606	2805	324.002	3092
323.83	2811	324.205	3237
323.999	2699	324.414	3044
324.216	3058	324.636	3347
324.416	3250	324.836	3358
324.633	3193	325.048	3566
324.85	3365	325.269	3314
325.049	3343	325.469	3153
325.261	3289	325.697	3672
325.484	3360	325.885	3319
325.726	3284	326.129	3699
325.902	3370	326.325	3687
326.121	3232	326.544	3726
326.319	3191	326.766	3574
326.537	3064	326.967	3576
326.766	2956	327.197	3119
326.968	2754	327.367	3165
327.192	2832	327.595	3300
327.358	3005	327.807	3327
327.565	3099	328.019	3456
327.811	3373	328.23	3640
328.027	3219	328.438	3452
328.236	3370	328.64	3547
328.445	3461	328.862	3552
328.648	3228	329.073	3347
328.851	3073	329.265	3427
329.074	3108	329.466	2968
329.286	3122	329.665	3178
329.462	2973	329.901	3066
329.673	2864	330.104	3084
329.876	2937	330.308	3327
330.122	2818	330.531	2950
330.332	2785	330.714	3008
330.538	2880	330.931	2939
330.728	2832	331.147	2834
330.925	2806	331.347	2993
331.141	2816	331.573	1479
331.359	2656	331.797	2880
331.587	2786	331.979	3144
331.775	2834	332.204	2989
331.991	2664	332.423	2922
332.185	2880	332.627	3049
332.416	2640	332.829	2929
332.643	2647
332.851	2636
333.026	2673