sep=	
time (source1)	data.0	data.1	
0	2549	2636	
0.165	2550	2637	
0.327	2551	2637	
0.494	2550	2636	
0.657	2551	2637	
0.81	2550	2637	
0.979	2550	2636	
1.135	2549	2636	
1.302	2550	2638	
1.48	2550	2636	
1.628	2550	2637	
1.782	2551	2637	
1.973	2551	2637	
2.109	2550	2635	
2.268	2550	2637	
2.444	2506	2606	
2.599	2496	2526	
2.769	2864	2473	
2.94	2417	2471	
3.108	2514	2550	
3.257	2395	2420	
3.431	2471	2520	
3.591	2582	2567	
3.758	2428	2541	
3.912	2400	2485	
4.064	2476	2545	
4.23	2264	2193	
4.374	2398	2457	
4.542	2416	2537	
4.729	2412	2515	
4.895	2517	2532	
5.041	2430	2536	
5.195	2473	2533	
5.363	2447	2509	
5.513	2528	2584	
5.676	2544	2602	
5.851	2533	2592	
5.996	2526	2592	
6.165	2497	2535	
6.329	2488	2580	
6.481	2528	2603	
6.644	2476	2525	
6.812	2522	2479	
6.977	2639	2661	
7.131	2612	2624	
7.296	2158	2561	
7.468	2531	2605	
7.628	2515	2649	
7.78	2524	2716	
7.946	2476	2384	
8.108	2543	2682	
8.262	2539	2675	
8.429	2518	2616	
8.588	2492	2589	
8.754	2483	2608	
8.911	2569	2782	
9.076	2545	2759	
9.237	2480	2568	
9.398	2566	2786	
9.578	2492	2564	
9.727	2459	2585	
9.893	2492	2567	
10.044	2473	2533	
10.21	2515	2688	
10.376	2417	2492	
10.544	2535	2683	
10.693	2496	2583	
10.863	2546	2757	
11.04	2549	2740	
11.197	2464	2557	
11.34	2496	2566	
11.506	2496	2581	
11.687	2452	2483	
11.851	2456	2572	
11.989	2443	2616	
12.157	2493	2674	
12.326	2490	2674	
12.478	2509	2802	
12.658	2568	2693	
12.805	2488	2565	
12.978	2562	2641	
13.126	2573	2581	
13.284	2565	2496	
13.452	2541	2514	
13.608	2169	2620	
13.786	2568	2589	
13.937	2446	2515	
14.104	2422	2534	
14.257	2350	2499	
14.424	2481	2601	
14.589	2514	2584	
14.755	2421	2517	
14.906	2287	2490	
15.068	2533	2581	
15.234	2539	2608	
15.391	2511	2592	
15.555	2489	2568	
15.737	3092	2949	
15.884	3801	3800	
16.038	3817	3824	
16.233	1023	3832	
16.398	3812	3808	
16.556	3820	3822	
16.721	1923	1469	
16.878	1199	1077	
17.034	2473	2585	
17.205	2466	2530	
17.363	2554	2586	
17.526	2546	2646	
17.687	2487	2501	
17.854	2488	2538	
18.01	1977	2478	
18.151	2004	2501	
18.313	2354	2545	
18.472	2356	2547	
18.634	2544	2614	
18.825	2487	2707	
18.965	2588	2636	
19.116	2555	2653	
19.294	3356	3344	
19.45	3740	3299	
19.617	2967	2824	
19.784	2540	2570	
19.935	2516	2548	
20.114	2564	2612	
20.26	2508	2568	
20.432	2610	2662	
20.574	2610	2662	
20.74	2612	2666	
20.934	2610	2665	
21.086	2611	2665	
21.231	2614	2669	
21.385	2612	2666	
21.547	2488	2544	
21.713	2496	2576	
21.872	2578	2663	
22.057	2562	2648	
22.195	2412	2480	
22.368	2411	2465	
22.528	2476	2526	
22.696	2430	2568	
22.849	2464	2565	
23.011	2406	2546	
23.166	2527	2585	
23.33	2468	2343	
23.495	2296	2190	
23.662	2269	2562	
23.815	2527	2591	
23.976	2354	2552	
24.166	2540	2147	
24.332	2348	2548	
24.491	2462	2562	
24.625	2417	2657	
24.792	2134	2602	
24.949	2560	2618	
25.139	2532	2601	
25.272	2444	2619	
25.441	2291	2535	
25.619	2526	2574	
25.782	2558	2615	
25.945	2516	2588	
26.102	2336	2569	
26.245	2332	2032	
26.437	2420	2668	
26.579	2570	2688	
26.751	2546	2698	
26.893	2373	2650	
27.074	2530	2579	
27.229	2564	2620	
27.415	1402	1388	
27.54	2555	2640	
27.705	2436	2638	
27.878	2541	2620	
28.027	2564	2629	
28.214	2548	2617	
28.362	2400	2637	
28.524	2587	2508	
28.689	2534	2632	
28.844	2533	2619	
29.027	2557	2611	
29.163	2451	2648	
29.323	2401	2624	
29.519	2557	2615	
29.661	2555	2680	
29.808	2557	2644	
29.971	2603	2641	
30.135	2560	2652	
30.307	2536	2611	
30.457	2585	2629	
30.618	2556	2673	
30.828	2608	2624	
30.969	2598	2646	
31.139	2591	2656	
31.304	2599	2658	
31.43	2544	2669	
31.626	2540	2666	
31.785	2575	2700	
31.936	2598	2641	
32.086	2578	2637	
32.238	2556	2645	
32.43	2561	2662	
32.585	2563	2648	
32.734	2537	2628	
32.888	2556	2621	
33.055	2574	2628	
33.219	2537	2621	
33.374	2579	2634	
33.538	2561	2603	
33.717	2571	2658	
33.867	2576	2657	
34.021	2525	2604	
34.183	2548	2629	
34.365	2544	2613	
34.516	2582	2659	
34.668	2574	2617	
34.837	2555	2677	
35	2568	2669	
35.168	2598	2622	
35.323	2585	2645	
35.485	2572	2630	
35.658	2560	2643	
35.822	2566	2674	
35.973	2604	2659	
36.134	2605	2661	
36.302	2605	2660	
36.486	2604	2661	
36.616	2604	2660	
36.78	2604	2660	
36.937	2604	2659	
37.103	2603	2658	
37.269	2602	2659	
37.437	2603	2659	
37.585	2604	2660	
37.746	2602	2658	
37.914	2602	2659	
38.108	2604	2660	
38.269	2602	2658	
38.457	2602	2658	
38.583	2603	2659	
38.733	2602	2658	
111.276	2494	2511	
111.443	2464	2518	
111.6	2474	2536	
111.763	2448	2508	
111.929	2457	2516	
112.095	2486	2496	
112.272	2392	2488	
112.437	2486	2528	
112.61	2414	2469	
112.743	2466	2580	
112.927	2430	2476	
113.075	2432	2513	
113.23	2464	2536	
113.403	2434	2496	
113.544	2422	2550	
113.709	2445	2521	
113.889	2455	2566	
114.033	2442	2498	
114.205	2405	2565	
114.361	2476	2524	
114.522	2465	2527	
114.696	2516	2578	
114.861	2432	2558	
115.011	2476	2602	
115.177	2462	2604	
115.349	2464	2547	
115.517	2513	2588	
115.658	2433	2569	
115.812	2446	2557	
115.974	2494	2603	
116.139	2512	2571	
116.315	2521	2718	
116.46	2472	2649	
116.649	2546	2562	
116.806	2528	2598	
116.979	2476	2542	
117.131	2476	2545	
117.292	2496	2550	
117.454	2512	2614	
117.596	2535	2672	
117.787	2497	2594	
117.943	2535	2763	
118.09	2512	2707	
118.242	2532	2629	
118.443	2645	2932	
118.597	2624	2922	
118.756	2571	2832	
118.912	2560	2646	
119.088	2507	2585	
119.22	2412	2530	
119.392	2395	2430	
119.552	2400	2436	
119.709	2411	2471	
119.876	2368	2416	
120.044	2344	2430	
120.204	2390	2428	
120.353	2454	2491	
120.521	2364	2435	
120.694	2446	2465	
120.846	2328	2432	
121.035	2438	2467	
121.18	2387	2408	
121.324	2414	2542	
121.489	2372	2409	
121.656	2441	2552	
121.807	2374	2422	
121.968	2451	2528	
122.133	2387	2446	
122.305	2497	2616	
122.455	2364	2525	
122.623	2484	2587	
122.787	2444	2603	
122.965	2533	2688	
123.126	2539	2704	
123.294	2538	2702	
123.437	2542	2721	
123.609	2506	2661	
123.777	2524	2667	
123.917	2544	2699	
124.086	2560	2709	
124.255	2514	2665	
124.399	2514	2644	
124.565	2510	2612	
124.73	2510	2648	
124.905	2477	2524	
125.049	2513	2591	
125.217	2566	2638	
125.392	2492	2598	
125.532	2519	2552	
125.702	2511	2632	
125.868	2501	2564	
126.038	2487	2652	
126.186	2488	2526	
126.346	2433	2485	
126.515	2490	2612	
126.681	2492	2560	
126.83	1067	1023	
127.029	2476	2597	
127.194	2519	2648	
127.315	2511	2587	
127.478	2542	2840	
127.65	2497	2552	
127.801	2494	2620	
127.965	2449	2704	
128.132	2522	2619	
128.298	2519	2682	
128.492	2516	2704	
128.641	2446	2508	
128.81	2476	2613	
128.958	2442	2506	
129.139	2496	2707	
129.263	2484	2672	
129.43	2475	2520	
129.593	2464	2524	
129.75	2507	2734	
129.963	2501	2550	
130.112	2461	2518	
130.276	2408	2472	
130.394	2545	2742	
130.562	2473	2518	
130.719	2454	2483	
130.92	2521	2760	
131.061	2478	2536	
131.223	2443	2517	
131.388	2513	2718	
131.529	2449	2484	
140.839	2438	2483	
141.001	2424	2496	
141.139	2451	2518	
141.3	2391	2512	
141.506	2437	2460	
141.65	2406	2451	
141.788	2429	2529	
141.954	2451	2477	
142.121	2418	2449	
142.287	2490	2524	
142.436	2491	2525	
142.603	2416	2527	
142.769	2457	2545	
142.923	2501	2539	
143.084	2434	2563	
143.254	2451	2554	
143.414	2476	2541	
143.57	2427	2566	
143.751	2499	2570	
143.901	2453	2533	
144.066	2464	2597	
144.221	2511	2569	
144.384	2459	2540	
144.55	2432	2501	
144.717	2480	2608	
144.882	2417	2541	
145.031	2504	2598	
145.198	2442	2519	
145.363	2463	2523	
145.515	2504	2577	
145.675	2457	2519	
145.847	2537	2590	
146.002	2562	2590	
146.167	2490	2540	
146.33	2465	2518	
146.496	2553	2616	
146.65	2548	2594	
146.816	2511	2572	
147.004	2462	2540	
147.149	2517	2596	
147.3	2515	2616	
147.488	2472	2531	
147.654	2441	2516	
147.831	2512	2597	
147.943	2480	2534	
148.11	2558	2658	
148.286	2538	2609	
148.462	2499	2569	
148.614	2567	2609	
148.772	2501	2592	
148.942	2475	2522	
149.106	2530	2619	
149.27	2545	2644	
149.429	2508	2557	
149.59	2520	2618	
149.75	2553	2644	
149.895	2494	2551	
150.063	2492	2522	
150.211	2526	2578	
150.376	2477	2547	
150.629	2501	2592	
150.742	2513	2598	
150.896	2514	2597	
151.027	2499	2611	
151.196	2512	2574	
151.358	2564	2637	
151.529	2521	2641	
151.69	2515	2588	
151.846	2551	2681	
152.017	2565	2643	
152.179	2553	2619	
152.333	2546	2636	
152.49	2587	2664	
152.642	2565	2633	
152.804	2541	2617	
152.974	2606	2628	
153.141	2547	2605	
153.292	2550	2644	
153.472	2584	2596	
153.628	2549	2673	
153.792	2558	2597	
153.941	2573	2607	
154.132	2626	2665	
154.285	2587	2670	
154.424	2573	2675	
154.611	2571	2671	
154.763	2571	2669	
154.909	2571	2669	
155.071	2570	2667	
155.272	2561	2641	
155.429	2540	2610	
155.596	2558	2660	
155.762	2569	2670	
155.907	2579	2669	
156.078	2606	2652	
156.246	2561	2633	
156.393	2606	2621	
156.563	2573	2604	
171.776	2490	2600	
171.943	2458	2515	
172.097	2422	2517	
172.286	2398	2492	
172.444	2380	2474	
172.591	2368	2462	
172.742	2397	2509	
172.909	2432	2516	
173.074	2436	2466	
173.241	2388	2503	
173.392	2400	2525	
173.555	2417	2423	
173.72	2376	2509	
173.897	2428	2455	
174.051	2396	2425	
174.225	2469	2570	
174.382	2451	2573	
174.548	2409	2453	
174.714	2442	2552	
174.855	2469	2556	
175.02	2428	2464	
175.172	2454	2553	
175.338	2477	2535	
175.526	2416	2455	
175.679	2445	2566	
175.834	2457	2536	
175.988	2436	2449	
176.153	2424	2566	
176.305	2450	2508	
176.49	2459	2492	
176.64	2474	2543	
176.821	2422	2469	
176.973	2449	2497	
177.123	2440	2518	
177.284	2402	2494	
177.458	2412	2493	
177.605	2432	2502	
177.786	2395	2464	
177.937	2418	2459	
178.105	2403	2495	
178.249	2410	2484	
178.415	2429	2468	
178.584	2388	2475	
178.736	2408	2468	
178.901	2406	2433	
179.066	2386	2476	
179.233	2395	2438	
179.384	2365	2410	
179.551	2389	2488	
179.717	2430	2469	
179.869	2406	2470	
180.033	2386	2483	
180.197	2404	2428	
180.37	2389	2446	
180.518	2385	2482	
180.679	2408	2447	
180.865	2386	2441	
181.029	2389	2480	
181.206	2410	2435	
181.367	2406	2497	
181.526	2416	2465	
181.676	2374	2428	
181.844	2419	2534	
181.998	2395	2419	
182.171	2408	2473	
182.3	2414	2473	
182.464	2400	2468	
182.652	2393	2494	
182.798	2410	2459	
182.947	2410	2489	
183.112	2375	2436	
183.306	2411	2448	
183.45	2400	2494	
183.625	2390	2446	
183.78	2370	2455	
183.937	2408	2476	
184.082	2391	2428	
184.261	2393	2450	
184.408	2416	2452	
184.575	2362	2396	
184.745	2423	2501	
184.912	2379	2459	
185.082	2403	2418	
185.225	2412	2487	
185.377	2393	2433	
185.539	2366	2400	
185.713	2407	2523	
185.864	2386	2434	
186.029	2372	2425	
186.196	2464	2530	
186.36	2387	2454	
186.512	2380	2446	
186.677	2432	2521	
186.843	2368	2428	
187.022	2407	2477	
187.2	2429	2508	
187.388	2420	2432	
187.485	2412	2501	
187.645	2410	2435	
187.845	2408	2419	
187.992	2406	2493	
188.167	2396	2472	
188.315	2421	2438	
188.475	2407	2480	
188.65	2390	2459	
188.802	2412	2433	
188.975	2401	2471	
189.143	2409	2449	
189.294	2401	2449	
189.468	2426	2531	
189.615	2424	2466	
208.152	2644	2742	
208.327	2652	2748	
208.473	2661	2736	
208.636	2658	2736	
208.805	2616	2645	
208.958	2677	2704	
209.123	2599	2667	
209.293	2605	2612	
209.465	2584	2645	
209.605	2580	2675	
209.773	2641	2674	
209.956	2573	2639	
210.092	2593	2656	
210.281	2665	2708	
210.438	2621	2642	
210.579	2642	2687	
210.762	2625	2672	
211.78	2672	2405	
211.929	2468	2498	
212.067	2444	2468	
212.236	2440	2424	
212.402	2404	2463	
212.552	2432	2426	
212.72	2419	2420	
212.882	2412	2446	
213.038	2361	2422	
213.199	2475	2480	
213.364	2472	2512	
213.552	2562	2624	
213.715	2565	2648	
213.871	2562	2638	
214.021	2546	2630	
214.187	2545	2611	
214.335	2568	2615	
214.501	2552	2617	
214.67	2537	2606	
214.841	2550	2637	
214.985	2702	2631	
215.15	2576	2632	
215.317	2562	2608	
215.467	2534	2599	
215.635	2448	348	
215.825	2558	2628	
215.965	2556	2597	
216.16	2590	2671	
216.308	2570	2684	
216.464	2576	2665	
216.622	2558	2638	
216.784	2548	1841	
216.955	2593	2639	
217.115	794	2636	
217.29	2441	716	
217.453	2562	2652	
217.598	2474	352	
217.759	2566	2634	
217.929	2598	2648	
218.084	2579	2612	
218.246	2573	2642	
218.424	2566	2633	
218.591	2593	2674	
218.754	2355	2704	
218.916	2534	2659	
219.087	2553	2613	
219.238	2592	2650	
219.409	2776	2506	
219.543	2440	2625	
219.724	2758	2827	
219.89	2728	2690	
220.027	2714	2700	
220.195	2568	2621	
220.359	2714	2693	
220.546	2694	2733	
220.695	2667	2644	
220.863	2722	2733	
221.012	2674	2694	
221.177	2736	2768	
221.333	2683	2700	
221.499	2724	2762	
221.664	2670	2699	
221.811	2662	2594	
221.98	2691	2772	
222.149	2672	2732	
222.324	2664	2734	
222.46	2696	2714	
222.623	2658	2724	
222.812	2680	2776	
222.979	2683	2701	
223.139	2697	2754	
223.293	2654	2491	
223.45	2728	2738	
223.61	2674	2703	
223.778	2723	2738	
223.94	2705	2749	
224.093	2706	2752	
224.242	2695	2723	
224.452	2698	2717	