time (source1),data.0,time (source1),data.1,time (source1),data.3762,time (source1),data.3674    3736,time (source1),data.3728,time (source1),data.3492                     3597,time (source1),data.3514,time (source1),data.3633              3745,time (source1),data.3704,time (source1),data.3551 3660
0,3753,0,3557,0,3433,0,3310,0,3669,0,3368,0,3746,0,3685,0,3592,0,3362
0.163,3755,0.163,3568,0.158,3756,0.158,3616,0.155,3635,0.155,3456,0.162,3715,0.162,3657,0.155,3624,0.155,3571
0.328,3756,0.328,3570,0.323,3614,0.323,3496,0.315,3669,0.315,3410,0.314,3646,0.314,3545,0.327,3612,0.327,3373
0.493,3755,0.493,3568,0.489,3696,0.489,3542,0.478,3639,0.478,3430,0.477,3428,0.477,3392,0.479,3574,0.479,3483
0.648,3753,0.648,3561,0.644,3745,0.644,3645,0.64,3633,0.64,3440,0.646,3592,0.646,3412,0.641,3636,0.641,3435
0.81,3753,0.81,3566,0.805,3740,0.805,3648,0.802,3660,0.802,3426,0.8,3328,0.8,3181,0.802,3528,0.802,3368
0.972,3752,0.972,3556,0.968,3713,0.968,3488,0.965,3674,0.965,3517,0.963,3614,0.963,3452,0.965,3542,0.965,3432
1.139,3758,1.139,3584,1.13,3726,1.13,3426,1.131,3749,1.131,3452,1.133,3550,1.133,3326,1.133,3636,1.133,3450
1.296,3193,1.296,3019,1.294,3488,1.294,3472,1.288,3745,1.288,3080,1.286,3224,1.286,3219,1.288,3489,1.288,3318
1.459,3453,1.459,3236,1.459,3748,1.459,3640,1.45,3725,1.45,3577,1.454,3574,1.454,578,1.45,3526,1.45,3354
1.62,3734,1.62,3515,1.626,3680,1.626,3526,1.611,3610,1.611,3394,1.617,3281,1.617,3072,1.612,3591,1.612,3355
1.783,3760,1.783,3568,1.778,3486,1.778,3312,1.774,3570,1.774,3472,1.779,3562,1.779,3377,1.775,3476,1.775,3348
1.944,3734,1.944,3550,1.94,3638,1.94,3405,1.936,3610,1.936,3400,1.941,3700,1.941,3573,1.937,3706,1.937,3635
2.106,3597,2.106,3331,2.102,3652,2.102,3511,2.097,3597,2.097,3384,2.103,3454,2.103,3286,2.098,3722,2.098,3535
2.269,3757,2.269,3576,2.263,3740,2.263,3203,2.263,3705,2.263,2932,2.265,3336,2.265,3248,2.265,3726,2.265,3494
2.431,3744,2.431,3578,2.426,3472,2.426,3380,2.429,3601,2.429,3444,2.43,3528,2.43,3313,2.431,3741,2.431,3570
2.593,3720,2.593,3460,2.588,3736,2.588,3616,2.584,3649,2.584,3438,2.588,3316,2.588,2864,2.585,3728,2.585,3529
2.754,3756,2.754,3633,2.755,3750,2.755,3708,2.745,3534,2.745,3632,2.75,3362,2.75,3280,2.746,3680,2.746,3468
2.917,3732,2.917,3510,2.921,3413,2.921,3484,2.908,3658,2.908,3360,2.913,3403,2.913,3185,2.909,3708,2.909,3528
3.079,3748,3.079,3614,3.074,3731,3.074,3211,3.07,3640,3.07,3520,3.081,3252,3.081,3141,3.071,3699,3.071,3586
3.241,3494,3.241,3253,3.236,3502,3.236,3700,3.233,3672,3.233,3584,3.237,3476,3.237,3212,3.245,707,3.245,655
3.406,3756,3.406,3628,3.397,3746,3.397,3496,3.396,3635,3.396,3446,3.398,3329,3.398,3124,3.41,3535,3.41,3358
3.583,3680,3.583,3475,3.559,3454,3.559,3360,3.564,3640,3.564,3329,3.564,3512,3.564,3328,3.57,3729,3.57,3528
3.727,3760,3.727,3643,3.721,3507,3.721,3349,3.718,3668,3.718,3462,3.728,3404,3.728,3272,3.778,3620,3.778,3412
3.906,3754,3.906,3651,3.886,3320,3.886,3438,3.879,3633,3.879,3442,3.885,3416,3.885,3216,3.93,3709,3.93,3252
4.056,3750,4.056,3609,4.046,3660,4.046,3537,4.041,3708,4.041,3223,4.047,3470,4.047,3461,4.093,3740,4.093,3501
4.229,3721,4.229,3550,4.208,3613,4.208,3613,4.204,3700,4.204,3378,4.215,3224,4.215,3285,4.259,3744,4.259,3616
4.375,3750,4.375,3624,4.369,3578,4.369,3419,4.366,2994,4.366,3629,4.372,3384,4.372,3193,4.667,3744,4.667,3611
4.544,3753,4.544,3525,4.534,3518,4.534,3325,4.527,3696,4.527,3608,4.533,3810,4.533,3774,4.68,3732,4.68,3563
4.7,3734,4.7,3495,4.7,3714,4.7,3552,4.692,3593,4.692,3456,4.694,3739,4.694,3531,4.703,3640,4.703,3424
4.901,3728,4.901,3549,4.855,3726,4.855,3648,4.853,3721,4.853,3640,4.864,3130,4.864,3346,4.865,3670,4.865,3488
5.042,3728,5.042,3536,5.017,3570,5.017,3419,5.013,3746,5.013,3686,5.018,3751,5.018,3668,5.028,3580,5.028,3377
5.197,3736,5.197,3655,5.18,3492,5.18,2776,5.176,3781,5.176,3791,5.18,3480,5.18,3254,5.189,3726,5.189,3558
5.376,3725,5.376,3533,5.342,3659,5.342,3512,5.342,3566,5.342,3378,5.342,3620,5.342,3440,5.35,3652,5.35,3409
5.508,3642,5.508,3691,5.504,3745,5.504,3616,5.499,3763,5.499,3733,5.506,3409,5.506,3342,5.512,3600,5.512,3446
5.67,3702,5.67,3411,5.669,3302,5.669,3493,5.661,3636,5.661,3346,5.666,3709,5.666,3432,5.683,3594,5.683,3338
5.836,3741,5.836,3541,5.834,3674,5.834,3436,5.826,3586,5.826,3392,5.828,3620,5.828,3471,5.838,3713,5.838,3601
5.996,3765,5.996,3688,5.99,3666,5.99,3540,5.986,3669,5.986,3710,5.992,3600,5.992,3546,5.998,3656,5.998,3499
6.157,3748,6.157,3585,6.152,3675,6.152,3426,6.148,3580,6.148,3452,6.159,3381,6.159,3242,6.166,3680,6.166,3492
6.34,3723,6.34,3510,6.313,3609,6.313,3373,6.309,3488,6.309,3292,6.314,3462,6.314,3297,6.33,3688,6.33,3509
6.494,3733,6.494,3617,6.482,3592,6.482,3133,6.471,3664,6.471,3485,6.479,3321,6.479,3209,6.484,3677,6.484,3552
6.661,3692,6.661,3421,6.637,3674,6.637,3485,6.642,3609,6.642,3444,6.645,3540,6.645,3330,6.646,3732,6.646,3568
6.805,3748,6.805,3629,6.8,3416,6.8,3232,6.796,3570,6.796,3385,6.81,3466,6.81,3392,6.809,3714,6.809,3632
6.966,3766,6.966,3608,6.964,3587,6.964,3467,6.957,3773,6.957,3736,6.963,3659,6.963,3469,6.976,3668,6.976,3531
7.128,3760,7.128,3136,7.125,3553,7.125,3379,7.126,3715,7.126,2947,7.124,3594,7.124,3363,7.132,3704,7.132,3608
7.291,3750,7.291,3596,7.286,3672,7.286,3504,7.282,3664,7.282,3472,7.287,3692,7.287,3506,7.295,3718,7.295,3627
7.457,3728,7.457,2891,7.449,3596,7.449,3409,7.443,3590,7.443,3392,7.449,3410,7.449,3288,7.458,3688,7.458,3559
7.625,3757,7.625,3579,7.613,3259,7.613,3485,7.606,3760,7.606,3545,7.611,3484,7.611,3184,7.625,3710,7.625,3594
7.778,3182,7.778,3146,7.772,3676,7.772,3557,7.768,3780,7.768,3383,7.774,3635,7.774,3498,7.78,3806,7.78,3812
7.939,3744,7.939,3524,7.933,3515,7.933,3245,7.929,3774,7.929,3547,7.94,3652,7.94,3531,7.943,3737,7.943,3643
8.1,1729,8.1,1452,8.096,3739,8.096,3507,,,,,8.096,3556,8.096,3349,8.107,3714,8.107,3577
8.263,3742,8.263,3568,8.257,3660,8.257,3492,,,,,8.259,3608,8.259,3400,,,,
8.426,3759,8.426,3657,8.42,3721,8.42,3448,,,,,8.421,3666,8.421,3502,,,,
8.587,3754,8.587,3661,8.582,3726,8.582,3584,,,,,8.584,3704,8.584,3515,,,,
8.748,3739,8.748,3535,8.748,3665,8.748,3371,,,,,8.745,3426,8.745,3171,,,,
8.911,3734,8.911,3641,8.906,3718,8.906,3504,,,,,8.907,3441,8.907,3224,,,,
9.072,3739,9.072,3558,9.067,3689,9.067,3563,,,,,9.073,3697,9.073,3518,,,,
9.239,3746,9.239,3586,9.229,3716,9.229,3125,,,,,9.23,3624,9.23,3483,,,,
9.405,3734,9.405,3549,9.391,3709,9.391,3600,,,,,9.392,3420,9.392,3230,,,,
9.56,3754,9.56,3592,9.554,3717,9.554,3584,,,,,9.554,3739,9.554,3656,,,,
9.721,3737,9.721,3542,9.716,3777,9.716,3771,,,,,9.717,3704,9.717,3574,,,,
9.883,3776,9.883,3677,9.878,3718,9.878,3525,,,,,9.878,3500,9.878,3248,,,,
10.045,3760,10.045,3568,10.045,3729,10.045,3640,,,,,10.041,3678,10.041,3521,,,,
10.206,3732,10.206,3453,10.201,3648,10.201,3507,,,,,10.202,3728,10.202,3575,,,,
10.371,3620,10.371,3306,10.363,3717,10.363,3653,,,,,10.365,3454,10.365,3345,,,,
10.534,3732,10.534,3502,10.525,3682,10.525,3633,,,,,10.527,3728,10.527,3629,,,,
10.721,3725,10.721,3466,10.688,3668,10.688,3526,,,,,10.688,3572,10.688,3436,,,,
10.879,3364,10.879,3068,10.849,3729,10.849,3501,,,,,10.851,3536,10.851,3401,,,,
11.045,3290,11.045,3021,11.011,3725,11.011,3475,,,,,11.013,3473,11.013,3307,,,,
11.178,2627,11.178,2445,,,,,,,,,11.175,3575,11.175,3357,,,,
11.34,3767,11.34,3645,,,,,,,,,11.336,3515,11.336,3252,,,,
11.502,3733,11.502,3466,,,,,,,,,11.5,3438,11.5,3335,,,,
11.669,2894,11.669,2723,,,,,,,,,11.661,3451,11.661,3285,,,,
11.836,3539,11.836,3250,,,,,,,,,11.822,3640,11.822,3369,,,,
11.99,3356,11.99,3104,,,,,,,,,11.988,3751,11.988,3430,,,,
12.151,3122,12.151,3406,,,,,,,,,12.147,3696,12.147,3396,,,,
12.313,3766,12.313,3676,,,,,,,,,12.308,3724,12.308,3412,,,,
12.475,3706,12.475,3438,,,,,,,,,,,,,,,,
12.636,3765,12.636,3652,,,,,,,,,,,,,,,,
12.802,3689,12.802,3392,,,,,,,,,,,,,,,,
12.967,3190,12.967,3604,,,,,,,,,,,,,,,,
13.133,3120,13.133,3587,,,,,,,,,,,,,,,,
13.284,3613,13.284,3264,,,,,,,,,,,,,,,,
13.447,3699,13.447,3448,,,,,,,,,,,,,,,,
13.608,3482,13.608,3312,,,,,,,,,,,,,,,,
13.771,3716,13.771,3473,,,,,,,,,,,,,,,,
13.932,3748,13.932,3516,,,,,,,,,,,,,,,,
14.101,3672,14.101,3409,,,,,,,,,,,,,,,,
14.265,3728,14.265,3350,,,,,,,,,,,,,,,,
14.419,3687,14.419,3374,,,,,,,,,,,,,,,,
14.581,3720,14.581,3488,,,,,,,,,,,,,,,,
14.742,3685,14.742,3457,,,,,,,,,,,,,,,,
14.904,3724,14.904,3441,,,,,,,,,,,,,,,,
15.068,3736,15.068,3534,,,,,,,,,,,,,,,,
15.234,3737,15.234,3504,,,,,,,,,,,,,,,,
15.401,3737,15.401,3510,,,,,,,,,,,,,,,,
15.554,3737,15.554,3509,,,,,,,,,,,,,,,,
15.715,3150,15.715,2961,,,,,,,,,,,,,,,,
15.877,3730,15.877,3496,,,,,,,,,,,,,,,,
16.039,3762,16.039,3668,,,,,,,,,,,,,,,,
16.201,3693,16.201,3406,,,,,,,,,,,,,,,,
16.363,3697,16.363,3408,,,,,,,,,,,,,,,,
16.531,1607,16.531,1543,,,,,,,,,,,,,,,,
16.698,3704,16.698,3411,,,,,,,,,,,,,,,,
16.848,2810,16.848,2620,,,,,,,,,,,,,,,,
17.01,3699,17.01,3441,,,,,,,,,,,,,,,,
17.18,3549,17.18,3270,,,,,,,,,,,,,,,,
17.335,3709,17.335,3460,,,,,,,,,,,,,,,,
17.496,3486,17.496,3240,,,,,,,,,,,,,,,,
17.661,3387,17.661,3085,,,,,,,,,,,,,,,,
17.82,3704,17.82,3366,,,,,,,,,,,,,,,,
17.982,3626,17.982,3377,,,,,,,,,,,,,,,,
18.145,3612,18.145,3406,,,,,,,,,,,,,,,,
18.312,3595,18.312,3383,,,,,,,,,,,,,,,,
18.483,3630,18.483,3360,,,,,,,,,,,,,,,,
18.631,3584,18.631,3419,,,,,,,,,,,,,,,,
18.793,3593,18.793,3356,,,,,,,,,,,,,,,,
18.954,3544,18.954,3277,,,,,,,,,,,,,,,,
19.159,3577,19.159,3364,,,,,,,,,,,,,,,,
19.278,3470,19.278,3253,,,,,,,,,,,,,,,,
19.451,3581,19.451,3331,,,,,,,,,,,,,,,,
19.624,3264,19.624,3091,,,,,,,,,,,,,,,,
19.767,3706,19.767,3460,,,,,,,,,,,,,,,,
19.927,2704,19.927,2589,,,,,,,,,,,,,,,,
20.096,2620,20.096,2520,,,,,,,,,,,,,,,,
20.259,3771,20.259,3686,,,,,,,,,,,,,,,,
20.43,3729,20.43,3469,,,,,,,,,,,,,,,,
20.579,3730,20.579,3481,,,,,,,,,,,,,,,,
20.755,3733,20.755,3473,,,,,,,,,,,,,,,,
20.912,3742,20.912,3545,,,,,,,,,,,,,,,,
21.06,3549,21.06,3456,,,,,,,,,,,,,,,,
21.249,3760,21.249,3700,,,,,,,,,,,,,,,,
21.386,2630,21.386,2577,,,,,,,,,,,,,,,,
21.555,2994,21.555,3426,,,,,,,,,,,,,,,,
21.724,3769,21.724,3657,,,,,,,,,,,,,,,,
21.914,3734,21.914,3532,,,,,,,,,,,,,,,,
22.043,3774,22.043,3712,,,,,,,,,,,,,,,,
22.225,3759,22.225,3632,,,,,,,,,,,,,,,,
22.358,3725,22.358,3442,,,,,,,,,,,,,,,,
22.523,3752,22.523,3186,,,,,,,,,,,,,,,,
22.68,3768,22.68,3648,,,,,,,,,,,,,,,,
22.885,3756,22.885,3636,,,,,,,,,,,,,,,,
23.009,3765,23.009,3715,,,,,,,,,,,,,,,,
23.177,3758,23.177,3654,,,,,,,,,,,,,,,,
23.331,3386,23.331,3468,,,,,,,,,,,,,,,,
23.493,3750,23.493,3620,,,,,,,,,,,,,,,,
23.652,3739,23.652,3612,,,,,,,,,,,,,,,,
23.848,3307,23.848,3690,,,,,,,,,,,,,,,,
23.976,3670,23.976,3517,,,,,,,,,,,,,,,,
24.14,3755,24.14,3636,,,,,,,,,,,,,,,,
24.308,3744,24.308,3562,,,,,,,,,,,,,,,,
24.475,3724,24.475,3504,,,,,,,,,,,,,,,,
24.625,3746,24.625,3621,,,,,,,,,,,,,,,,
24.787,3755,24.787,3654,,,,,,,,,,,,,,,,
24.948,3496,24.948,3270,,,,,,,,,,,,,,,,
25.11,3749,25.11,3638,,,,,,,,,,,,,,,,
25.272,3721,25.272,3508,,,,,,,,,,,,,,,,
25.436,3684,25.436,3460,,,,,,,,,,,,,,,,
25.603,3712,25.603,3520,,,,,,,,,,,,,,,,
25.758,3728,25.758,3536,,,,,,,,,,,,,,,,
25.921,3732,25.921,3574,,,,,,,,,,,,,,,,
26.088,3592,26.088,2941,,,,,,,,,,,,,,,,
26.252,3750,26.252,3602,,,,,,,,,,,,,,,,
26.407,3766,26.407,3640,,,,,,,,,,,,,,,,
26.569,3613,26.569,3334,,,,,,,,,,,,,,,,
26.73,3248,26.73,3060,,,,,,,,,,,,,,,,
26.892,3422,26.892,3636,,,,,,,,,,,,,,,,
27.055,3360,27.055,3097,,,,,,,,,,,,,,,,
27.22,2377,27.22,2012,,,,,,,,,,,,,,,,
27.386,3716,27.386,3536,,,,,,,,,,,,,,,,
27.541,3709,27.541,3504,,,,,,,,,,,,,,,,
27.702,3738,27.702,3569,,,,,,,,,,,,,,,,
27.89,3752,27.89,3644,,,,,,,,,,,,,,,,
28.035,3751,28.035,3636,,,,,,,,,,,,,,,,
28.232,3748,28.232,3617,,,,,,,,,,,,,,,,
28.356,3758,28.356,3696,,,,,,,,,,,,,,,,
28.521,3724,28.521,3692,,,,,,,,,,,,,,,,
28.687,3768,28.687,3681,,,,,,,,,,,,,,,,
28.837,3764,28.837,3676,,,,,,,,,,,,,,,,
28.999,3798,28.999,3692,,,,,,,,,,,,,,,,
29.16,3796,29.16,3697,,,,,,,,,,,,,,,,
29.322,3768,29.322,3717,,,,,,,,,,,,,,,,
29.486,3754,29.486,3688,,,,,,,,,,,,,,,,
29.65,3773,29.65,3697,,,,,,,,,,,,,,,,
29.815,3758,29.815,3676,,,,,,,,,,,,,,,,
29.97,3772,29.97,3712,,,,,,,,,,,,,,,,
30.133,3765,30.133,3692,,,,,,,,,,,,,,,,
30.295,3756,30.295,3670,,,,,,,,,,,,,,,,
30.457,3761,30.457,3699,,,,,,,,,,,,,,,,
30.618,3771,30.618,3730,,,,,,,,,,,,,,,,
30.783,3758,30.783,3655,,,,,,,,,,,,,,,,
30.942,3758,30.942,3680,,,,,,,,,,,,,,,,
31.106,3760,31.106,3626,,,,,,,,,,,,,,,,
31.266,3749,31.266,3684,,,,,,,,,,,,,,,,
31.429,3760,31.429,3607,,,,,,,,,,,,,,,,
31.595,3757,31.595,3645,,,,,,,,,,,,,,,,
31.753,3742,31.753,3652,,,,,,,,,,,,,,,,
31.915,3748,31.915,3560,,,,,,,,,,,,,,,,
32.076,3738,32.076,3604,,,,,,,,,,,,,,,,
32.239,3763,32.239,3684,,,,,,,,,,,,,,,,
32.401,3757,32.401,3610,,,,,,,,,,,,,,,,
32.563,3673,32.563,3475,,,,,,,,,,,,,,,,
32.728,3635,32.728,3392,,,,,,,,,,,,,,,,
32.899,3735,32.899,3577,,,,,,,,,,,,,,,,
33.048,3757,33.048,3631,,,,,,,,,,,,,,,,
33.21,3682,33.21,3511,,,,,,,,,,,,,,,,
33.373,3752,33.373,3616,,,,,,,,,,,,,,,,
33.534,3716,33.534,3540,,,,,,,,,,,,,,,,
33.696,3746,33.696,3560,,,,,,,,,,,,,,,,
33.861,3737,33.861,3572,,,,,,,,,,,,,,,,
34.03,3720,34.03,3538,,,,,,,,,,,,,,,,
34.183,3734,34.183,3532,,,,,,,,,,,,,,,,
34.345,3730,34.345,3618,,,,,,,,,,,,,,,,
34.506,3744,34.506,3587,,,,,,,,,,,,,,,,
34.676,3713,34.676,3521,,,,,,,,,,,,,,,,
34.83,3770,34.83,3677,,,,,,,,,,,,,,,,
34.992,3768,34.992,3678,,,,,,,,,,,,,,,,
35.154,3765,35.154,3680,,,,,,,,,,,,,,,,
35.317,2002,35.317,1963,,,,,,,,,,,,,,,,
35.478,3776,35.478,3708,,,,,,,,,,,,,,,,
35.641,3760,35.641,3640,,,,,,,,,,,,,,,,
35.802,3764,35.802,3696,,,,,,,,,,,,,,,,
35.964,3750,35.964,3648,,,,,,,,,,,,,,,,
36.127,3744,36.127,3608,,,,,,,,,,,,,,,,
36.288,3765,36.288,3684,,,,,,,,,,,,,,,,
36.451,3768,36.451,3682,,,,,,,,,,,,,,,,
36.612,3754,36.612,3627,,,,,,,,,,,,,,,,
36.775,3762,36.775,3698,,,,,,,,,,,,,,,,
36.941,3756,36.941,3661,,,,,,,,,,,,,,,,
37.099,3764,37.099,3691,,,,,,,,,,,,,,,,
37.26,3763,37.26,3670,,,,,,,,,,,,,,,,
37.422,3766,37.422,3661,,,,,,,,,,,,,,,,
37.585,3763,37.585,3662,,,,,,,,,,,,,,,,
37.746,3756,37.746,3662,,,,,,,,,,,,,,,,
37.91,3735,37.91,3596,,,,,,,,,,,,,,,,
38.074,3761,38.074,3668,,,,,,,,,,,,,,,,
38.255,3747,38.255,3649,,,,,,,,,,,,,,,,
38.395,3762,38.395,3675,,,,,,,,,,,,,,,,
38.556,3761,38.556,3672,,,,,,,,,,,,,,,,
38.721,3761,38.721,3672,,,,,,,,,,,,,,,,
38.881,3761,38.881,3672,,,,,,,,,,,,,,,,
39.043,3761,39.043,3671,,,,,,,,,,,,,,,,
39.207,3760,39.207,3700,,,,,,,,,,,,,,,,
39.372,3769,39.372,3684,,,,,,,,,,,,,,,,
39.528,3762,39.528,3692,,,,,,,,,,,,,,,,
39.69,1883,39.69,1827,,,,,,,,,,,,,,,,
39.854,3403,39.854,3271,,,,,,,,,,,,,,,,
40.014,3757,40.014,3663,,,,,,,,,,,,,,,,
40.177,3751,40.177,3667,,,,,,,,,,,,,,,,
40.349,3761,40.349,3677,,,,,,,,,,,,,,,,
40.504,3763,40.504,3686,,,,,,,,,,,,,,,,
40.67,3755,40.67,3667,,,,,,,,,,,,,,,,
40.825,3757,40.825,3678,,,,,,,,,,,,,,,,
40.986,3755,40.986,3630,,,,,,,,,,,,,,,,
41.156,3752,41.156,3639,,,,,,,,,,,,,,,,
41.311,3752,41.311,3636,,,,,,,,,,,,,,,,
41.474,3761,41.474,3664,,,,,,,,,,,,,,,,
41.636,3739,41.636,3594,,,,,,,,,,,,,,,,
41.803,3760,41.803,3684,,,,,,,,,,,,,,,,
41.959,3763,41.959,3687,,,,,,,,,,,,,,,,
42.121,3763,42.121,3686,,,,,,,,,,,,,,,,
42.287,3763,42.287,3685,,,,,,,,,,,,,,,,
42.46,3763,42.46,3685,,,,,,,,,,,,,,,,
42.607,3763,42.607,3685,,,,,,,,,,,,,,,,
42.768,3763,42.768,3685,,,,,,,,,,,,,,,,
42.938,3763,42.938,3691,,,,,,,,,,,,,,,,
43.095,3762,43.095,3685,,,,,,,,,,,,,,,,
