sep=	
time (source1)	data.0	data.1	
0	2433	2570	
0.161	2434	2571	
0.327	2434	2571	
0.495	2413	2563	
0.647	2453	2539	
0.838	2414	2531	
0.973	2432	2500	
1.155	2336	2488	
1.296	2408	2492	
1.459	2320	2448	
1.627	2353	2458	
1.781	2409	2424	
1.956	2462	2423	
2.112	2466	2506	
2.269	2477	2548	
2.44	2480	2550	
2.592	2480	2549	
2.763	2435	2520	
2.92	2414	2459	
3.102	2377	2446	
3.24	2351	2441	
3.405	2426	2464	
3.582	2382	2489	
3.725	2382	2450	
3.887	2401	2415	
4.084	2333	2442	
4.211	2379	2393	
4.395	2282	2346	
4.535	2371	2379	
4.716	2034	2109	
4.859	2338	2390	
5.023	2366	2412	
5.196	2319	2412	
5.351	2306	2376	
5.536	2324	2394	
5.669	2354	2361	
5.856	2300	2414	
6.002	2352	2336	
6.155	2313	2363	
6.34	2328	2387	
6.483	2332	2321	
6.662	2286	2349	
6.833	2335	2329	
6.97	2153	2227	
7.166	2342	2384	
7.289	2335	2337	
7.456	2310	2365	
7.613	2363	2359	
7.802	2258	2379	
7.936	2341	2342	
8.099	2336	2362	
8.273	960	974	
8.435	2338	2342	
8.603	2362	2368	
8.766	2306	2356	
8.921	2376	2320	
9.11	2354	2356	
9.247	2288	2410	
9.429	2312	2336	
9.568	2328	2350	
9.737	2300	2381	
9.913	2322	2352	
10.055	1944	2016	
10.254	2291	2358	
10.378	2357	2328	
10.554	2341	2382	
10.702	2337	2304	
10.87	2282	2355	
11.038	2295	2362	
11.194	2303	2360	
11.354	2293	2396	
11.512	2303	2325	
11.713	2306	2383	
11.851	2289	2330	
12.01	2315	2379	
12.195	2326	2324	
12.328	2305	2365	
12.518	2211	2229	
12.679	2408	2503	
12.809	2451	2494	
12.977	2395	2507	
13.144	2407	2505	
13.305	2444	2520	
13.468	2417	2530	
13.628	2391	2522	
13.784	2402	2491	
13.948	2356	2475	
14.131	2339	2454	
14.266	2368	2489	
14.447	2336	2459	
14.597	2392	2512	
14.758	2338	2444	
14.915	2349	2486	
15.076	2345	2484	
15.239	2344	2477	
15.425	2368	2519	
15.57	2366	2478	
15.725	2364	2489	
15.895	2366	2496	
16.048	2347	2488	
16.247	2392	2530	
16.373	2382	2467	
16.56	2396	2505	
16.698	2390	2512	
16.878	2417	2516	
17.026	2392	2528	
17.199	2414	2498	
17.345	2435	2548	
17.507	2403	2515	
17.699	2418	2540	
17.852	2428	2542	
17.992	2400	2558	
18.193	2405	2512	
18.328	2444	2549	
18.522	2447	2527	
18.642	2424	2539	
18.849	2461	2547	
18.97	2426	2518	
19.155	2474	2549	
19.289	2388	2538	
19.46	2430	2530	
19.613	2459	2532	
19.774	2422	2552	
19.961	2442	2540	
20.107	2383	2645	
20.288	2459	2548	
20.456	2392	2581	
20.585	2442	2537	
20.755	2377	2572	
20.908	2457	2496	
21.071	2361	2556	
21.246	2423	2524	
21.419	2385	2551	
21.569	2445	2554	
21.75	2396	2544	
21.892	2407	2536	
22.042	2474	2547	
22.234	2472	2569	
22.37	2469	2570	
22.568	2421	2535	
22.691	2354	2519	
22.875	2100	2499	
23.042	2414	2454	
23.204	2326	2411	
23.339	2345	2405	
23.506	2375	2368	
23.697	1838	1809	
23.825	2331	2416	
24.023	2403	2387	
24.152	2369	2426	
24.319	2321	2406	
24.473	2309	2411	
24.648	2316	2414	
24.846	2345	2411	
24.968	2346	2384	
25.151	2318	2404	
25.282	2322	2438	
25.458	2339	2365	
25.607	2297	2392	
25.769	1055	1052	
25.961	2281	2349	
26.102	2320	2368	
26.277	2315	2350	
26.416	2328	2369	
26.582	2353	2374	
26.77	2319	2346	
26.903	2300	2400	
27.095	2323	2367	
27.23	2318	2429	
27.42	2299	2402	
27.575	2307	2359	
27.717	2347	2393	
27.914	2313	2376	
28.037	2299	2394	
28.237	2320	2370	
28.361	2297	2377	
28.558	2293	2367	
28.687	2294	2368	
28.849	2290	2363	
29.064	2292	2368	
29.176	2286	2368	
29.351	2256	2226	
29.505	2390	2433	
29.663	2328	2395	
29.819	2370	2418	
29.981	2339	2400	
30.188	2354	2368	
30.324	2362	2401	
30.48	2350	2396	
30.654	2332	2382	
30.796	2321	2384	
30.962	2316	2390	
31.115	2318	2386	
31.301	2313	2386	
31.467	2317	2372	
31.602	2319	2368	
31.765	2307	2368	
31.945	2298	2376	
32.107	2300	2379	
32.248	2305	2378	
32.412	2391	2408	
32.574	2368	2425	
32.742	2344	2424	
32.897	2385	2410	
33.078	2344	2420	
33.229	2342	2416	
33.383	2338	2416	
33.565	2361	2430	
33.707	2370	2426	
98.906	2391	2502	
99.068	2418	2484	
99.234	2381	2492	
99.413	2470	2488	
99.531	2354	2457	
99.707	2334	2429	
99.867	2314	2440	
100.02	2384	2410	
100.181	2314	2380	
100.347	2383	2453	
100.515	2305	2379	
100.67	2371	2447	
100.83	2365	2385	
100.997	2333	2416	
101.186	2371	2392	
101.342	2312	2397	
101.483	2348	2430	
101.657	2350	2394	
101.823	2314	2492	
102.005	2416	2396	
102.146	2318	2395	
102.298	2416	2428	
102.448	2360	2392	
102.611	2340	2450	
102.784	2429	2371	
102.943	2286	2414	
103.096	2399	2417	
103.262	2340	2364	
103.437	2336	2496	
103.603	2416	2373	
103.771	2303	2472	
103.91	2469	2377	
104.091	2312	2402	
104.254	2454	2412	
104.416	2341	2380	
104.58	2374	2446	
104.756	2376	2379	
104.908	2361	2453	
105.066	2538	2420	
105.225	2354	2392	
105.393	2416	2448	
105.525	2411	2380	
105.692	2424	2394	
105.861	2400	2412	
106.013	2377	2445	
106.179	2407	2409	
106.344	2330	2441	
106.515	2453	2400	
106.683	2413	2373	
106.845	2408	2371	
110.425	2448	2461	
110.611	2475	2464	
110.758	2364	2496	
110.911	2417	2467	
111.091	2405	2433	
111.273	2411	2404	
111.4	2304	2451	
111.607	2376	2437	
111.769	1016	1085	
111.906	2372	2398	
112.075	2404	2385	
112.246	2307	2428	
112.37	2398	2416	
112.536	2363	2373	
112.708	2343	2433	
112.873	2405	2361	
113.04	2308	2405	
113.198	2376	2476	
113.339	2347	2480	
113.521	2432	2591	
113.698	2457	2579	
113.824	2433	2556	
113.987	2465	2496	
114.153	2400	2498	
114.319	2372	2476	
114.472	2438	2497	
114.634	2440	2492	
114.816	2430	2508	
115.004	2408	2501	
115.149	2411	2503	
115.314	2414	2507	
115.455	2414	2496	
115.62	2419	2520	
115.77	2395	2538	
115.938	2446	2540	
116.104	2413	2524	
116.254	2460	2541	
116.434	2464	2488	
116.582	2394	2492	
116.753	2443	2534	
116.906	2468	2472	
117.064	2462	2520	
117.233	2382	2554	
117.416	2460	2580	
117.562	2472	2580	
117.73	2458	2566	
117.894	2368	2531	
118.058	2413	2527	
118.225	2379	2432	
118.374	2342	2497	
118.541	2102	2287	
118.684	2322	2492	
118.935	2118	2106	
119.017	2296	2395	
119.193	2365	2389	
119.333	2297	2340	
119.495	2330	2425	
119.68	2332	2399	
119.841	2370	2531	
120.023	2383	2549	
120.175	2397	2558	
120.327	2389	2573	
120.468	2388	2564	
120.647	2441	2538	
120.802	2430	2565	
120.969	2356	2607	
121.134	2314	2651	
121.314	2292	2640	
121.474	2295	2619	
121.6	2249	2596	
121.763	2256	2632	
121.932	2241	2512	
122.1	2270	2656	
122.266	2212	2552	
122.429	2248	2664	
122.603	2428	2495	
122.753	2362	2493	
122.921	2414	2481	
123.099	2407	2416	
123.226	2366	2452	
123.403	2309	2475	
123.553	2384	2427	
123.731	2324	2443	
123.878	2374	2484	
124.031	2352	2468	
124.195	2324	2574	
124.373	2408	2480	
124.547	2363	2433	
124.72	2292	2420	
124.866	2380	2474	
125.031	2250	2325	
125.177	2283	2515	
125.344	2350	2387	
125.496	2339	2402	
125.666	2270	2452	
125.813	2288	2386	
125.975	2300	2368	
126.145	2278	2425	
126.304	2368	2405	
126.461	2226	2439	
126.642	2322	2410	
126.798	2328	2366	
126.963	2260	2476	
127.115	2364	2400	
127.275	2277	2387	
127.464	2339	2412	
127.607	1667	1626	
127.774	2288	2479	
127.93	2373	2380	
128.103	2332	2346	
128.244	2325	2465	
128.429	2424	2377	
128.578	2362	2363	
128.736	2297	2432	
128.919	2387	2410	
129.072	2420	2387	
129.224	2339	2388	
129.397	2341	2408	
129.556	2417	2484	
129.722	2537	2231	
129.88	2412	2355	
130.048	2368	2371	
130.206	2424	2416	
130.359	2337	2445	
130.534	2334	2406	
130.674	2372	2394	
130.836	2262	2468	
131	1726	1820	
131.177	2298	2428	
131.321	2304	2387	
131.508	2263	2362	
131.652	2296	2393	
131.806	2286	2476	
131.977	2293	2465	
132.135	2281	2496	
132.323	2347	2468	
132.455	2389	2423	
132.641	2352	2401	
132.787	2448	2377	
132.952	2331	2436	
133.103	2312	2344	
133.265	2313	2458	
133.437	2362	2418	
133.65	2352	2386	
139.564	2504	2600	
139.721	2504	2601	
139.926	2504	2600	
140.043	2502	2600	
140.21	2518	2580	
140.405	2430	2526	
140.561	2342	2496	
140.711	2368	2507	
140.871	2323	2473	
141.048	2405	2436	
141.192	2377	2484	
141.357	2459	2512	
141.498	2358	2475	
141.677	2449	2422	
141.823	2340	2476	
141.995	2394	2401	
142.171	2398	2453	
142.312	2358	2420	
142.476	2408	2416	
142.63	2254	2400	
142.821	2486	2401	
142.975	2366	2403	
143.143	2292	2403	
143.309	2396	2362	
143.463	2307	2372	
143.636	2329	2370	
143.795	2314	2392	
143.945	2300	2404	
144.089	2379	2368	
144.279	2300	2352	
144.434	2338	2403	
144.594	2438	2386	
144.738	2298	2387	
144.907	2344	2404	
145.079	2338	2366	
145.247	2384	2391	
145.405	2449	2393	
145.572	2372	2388	
145.713	2308	2384	
145.878	2402	2387	
146.044	2265	2392	
146.206	2388	2365	
146.374	2320	2402	
146.526	2432	2386	
146.694	2353	2396	
146.863	2428	2373	
147.006	2349	2417	
147.17	2386	2425	
147.342	2390	2426	
147.494	2300	2444	
147.676	2515	2454	
147.841	2337	2430	
147.992	2342	2410	
148.164	2340	2419	
148.304	2328	2492	
148.471	2442	2432	
148.64	2337	2421	
148.807	2262	809	
148.957	2491	2409	
149.126	2374	2497	
149.285	2657	2467	
149.44	2385	2454	
149.632	2428	2411	
149.787	2445	2426	
149.946	2322	2482	
150.122	2685	2487	
150.275	2420	2408	
150.429	2497	2432	
150.602	2428	2418	
150.752	2393	2430	
150.926	2439	2412	
151.07	2368	2422	
151.24	2372	2426	
151.389	2337	2428	
169.37	2405	2476	
169.547	2421	2485	
169.701	2432	2516	
169.853	2449	2474	
170.039	2347	2483	
170.191	2391	2507	
170.347	2323	2462	
170.501	2345	2446	
170.668	2349	2438	
170.853	2297	2507	
171.003	2394	2472	
171.152	2284	2442	
171.319	2424	2541	
171.484	2402	2436	
171.637	2368	2528	
171.802	2400	2456	
171.968	2351	2452	
172.133	2456	2423	
172.283	2551	2473	
172.468	2358	2412	
172.61	2422	2498	
172.768	2456	2461	
172.932	2380	2474	
173.121	2461	2491	
173.28	2413	2397	
173.431	2448	2481	
173.589	2457	2415	
173.746	2344	2487	
173.912	2459	2465	
174.089	2425	2464	
174.248	2339	2511	
174.417	2567	2432	
174.571	2396	2435	
174.714	2405	2499	
174.874	1197	1196	
175.047	2357	2526	
175.199	2483	2448	
175.365	2385	2437	
175.532	2352	2511	
175.687	2440	2486	
175.848	2410	2450	
176.016	2343	2484	
176.176	2324	2449	
176.342	2418	2540	
176.5	2424	2578	
176.665	1195	1271	
176.832	2454	2627	
177.002	2445	2592	
177.171	2444	2611	
177.309	2449	2614	
177.508	2439	2608	
177.654	2440	2573	
177.793	2416	2580	
177.965	2416	2532	
178.122	2416	2515	
178.281	2385	2565	
178.441	2376	2534	
178.606	2366	2563	
178.771	2374	2526	
178.926	2456	2545	
179.089	2416	2549	
179.256	2427	2519	
179.417	2461	2506	
179.573	2426	2541	
179.736	2474	2524	
179.927	2425	2520	
180.083	2490	2520	
180.228	2424	2536	
180.395	2502	2520	
180.548	2452	2544	
180.712	2464	2523	
180.881	2454	2596	
181.039	2373	2582	
181.194	2479	2590	
181.36	2419	2584	
181.527	2499	2578	
181.688	2392	2538	
181.855	2483	2537	
182.006	2377	2541	
182.171	2502	2550	
182.339	2413	2538	
182.491	2486	2564	
182.657	2417	2540	
182.823	2496	2541	
182.977	2464	2531	
183.143	2507	2494	
183.309	2483	2536	
183.475	2392	2574	
183.624	2481	2526	
183.809	2402	2467	
183.964	2468	2522	
184.117	2411	2470	
184.271	2468	2534	
184.462	2428	2481	
184.62	2479	2504	
184.775	2508	2500	
184.952	2457	2523	
185.115	2523	2506	
185.284	2448	2533	
185.442	2449	2529	
185.592	2459	2488	
185.749	2452	2531	
185.919	2476	2505	
186.056	2462	2554	
186.222	2448	2520	
186.387	2442	2546	
186.551	2458	2540	
186.708	2460	2524	
186.868	2470	2570	
187.04	2472	2517	
187.189	2445	2561	
187.352	2490	2554	
187.522	2436	2557	
187.692	2399	2566	
187.837	2396	2507	
188.001	2477	2572	
188.173	2500	2586	
188.339	2499	2608	
188.488	2498	2607	
188.667	2497	2605	
188.815	2497	2606	
188.969	2496	2606	
189.136	2496	2605	
189.316	2494	2605	
189.467	2496	2606	
189.619	2496	2605	
189.78	2496	2605	
189.953	2496	2606	
190.12	2496	2605	
190.277	2496	2605	
190.432	2495	2604	
190.627	2496	2606	
190.752	2494	2604	
190.956	2494	2605	
191.076	2495	2605	
196.097	2550	2649	
196.263	2548	2648	
196.429	2549	2650	
196.594	2549	2649	
196.747	2548	2648	
196.91	2548	2648	
197.074	2437	2525	
197.245	3178	2593	
197.394	2512	2490	
197.559	2530	2425	
197.728	2368	2480	
197.893	2520	2462	
198.042	2433	2428	
198.233	2346	2450	
198.391	2533	2466	
198.571	2452	2428	
198.69	2434	2499	
198.858	332	2405	
199.024	2338	2500	
199.19	2578	2488	
199.345	2360	2510	
199.508	2316	2492	
199.673	2467	2627	
199.856	2477	2561	
199.993	2344	2524	
200.157	2392	2398	
200.316	2362	2529	
200.482	2437	2539	
200.642	2537	2400	
200.805	2364	2461	
200.97	2630	2512	
201.127	2571	2470	
201.307	2554	2476	
201.46	2587	2466	
201.632	2408	2446	
201.789	2565	2528	
201.94	2500	2465	
202.105	2477	2521	
202.301	2567	2476	
202.451	2504	2453	
202.584	2599	2453	
202.748	2612	2440	
202.922	2546	2488	
203.071	2529	2478	
203.244	2470	2421	
203.406	2532	2457	
203.557	2506	2457	
203.72	2554	2507	
203.891	2513	2437	
204.056	2517	2458	
204.204	2551	2434	
204.369	2532	2466	
204.533	2306	2416	
204.707	2344	2506	
204.851	2490	2478	
205.014	2419	2469	
205.181	2514	2505	
205.363	2440	2492	
205.5	2416	2476	
205.672	2635	2398	
205.847	2331	2506	
205.987	2512	2402	
206.156	2235	2534	
206.324	2462	2456	
206.479	2473	2416	
206.664	2421	2444	
206.801	2407	2384	
206.994	2353	2515	
207.12	2578	2398	
207.281	2312	2453	
207.459	2686	2450	
207.624	2378	2460	
207.799	2521	2482	
207.938	2384	2500	
208.11	2472	2514	
208.258	2412	2456	
208.418	2562	2445	
208.609	2335	2461	
208.749	2269	2457	
208.916	2536	2400	
209.081	2290	2517	
209.243	2576	2434	
209.396	2475	2414	
209.55	1914	2441	
209.718	2508	2428	
209.893	2393	2400	
210.046	2289	2372	
210.201	2536	2399	
210.368	2236	2385	
210.531	2611	2452	
210.693	2279	2442	
210.849	2594	2507	
211.013	2542	2484	
211.178	2364	2493	
211.352	2680	2446	
211.496	2281	2459	
211.663	2747	2592	
211.83	2464	2434	
211.98	2510	2496	
212.151	2693	2440	
212.333	2224	2772	
212.495	2527	2503	
212.67	2358	2459	
212.808	2115	3515	
212.986	3640	2640	
213.138	2890	2513	
213.302	2379	2606	
213.454	2480	2439	
213.608	2526	2475	
213.791	2457	2514	
213.946	2465	2443	
214.092	2646	2523	
214.252	2423	2488	
214.413	2604	2579	
214.575	2322	2566	
214.741	2616	2560	
214.896	2379	2563	
215.059	2366	2530	
215.244	2839	2513	
215.395	2318	2564	
215.546	2482	2452	
215.727	2344	2524	
215.88	2482	2465	
216.041	2284	2594	
216.212	2443	2490	
216.359	2332	2538	
216.526	2350	2550	
216.677	2376	2648	
216.883	2388	2598	
217.002	2392	2596	
217.198	2392	2595	
217.353	2427	2580	
217.516	2443	2579	
217.676	2447	2581	
217.82	2448	2580	
217.993	2448	2581	
218.146	2450	2582	
218.306	2450	2581	
218.485	2449	2580	
218.622	2450	2581	
218.785	2450	2581	
218.953	3274	2548	
219.109	2419	2562	
219.272	2423	2565	
219.438	2421	2565	
219.625	2411	2532	
219.769	2507	2520	
219.925	2377	2520	
220.107	2458	2497	
220.243	2427	2393	
220.405	2500	2483	
220.592	2186	2432	
220.757	2232	2312	
220.91	2268	2309	
221.052	2257	2352	
221.216	2341	2350	
221.412	2252	2344	
221.557	2282	2331	
221.724	2307	2389	
221.867	2318	2299	
222.064	2304	2348	
222.226	2307	2452	
222.384	2316	2347	
222.547	2342	2532	
222.705	2260	2456	
222.868	2373	2422	
223.022	2338	2460	
223.182	2325	2437	
223.319	2409	2468	
223.483	2269	2429	
223.672	2405	2428	
223.826	2269	2448	
223.989	2380	2441	
224.158	2414	2443	
224.299	2279	2412	
224.454	2377	2428	
224.617	2338	2460	
224.785	2330	2410	
224.949	2352	2399	
225.114	2308	2436	
225.29	2348	2388	
225.453	2281	2344	
225.601	2336	2377	
225.751	2357	2421	
225.912	2285	2400	
226.093	2302	2361	
226.255	2272	2388	
226.398	2244	2404	
226.582	2286	2429	
226.742	2334	2483	
226.903	2428	2533	
227.053	2421	2542	
227.227	2425	2536	
227.404	2424	2536	
227.559	2424	2534	
227.699	2422	2534	
227.882	2423	2535	
228.018	2424	2535	
228.18	2422	2534	
228.349	2423	2535	
228.513	2423	2535	
228.67	2423	2534	
228.832	2410	2541	
229.02	2358	2502	
229.163	2312	2416	
229.314	2249	2388	
229.478	2235	2372	
229.656	2235	2349	
229.824	2238	2345	
229.986	2290	2392	
230.148	2314	2434	
230.291	2291	2384	
230.447	2378	2414	
230.614	2353	2520	
230.805	2413	2452	
230.973	2416	2492	
231.133	2385	2425	
231.29	2366	2483	
231.445	2373	2468	
231.618	2432	2418	
231.77	2404	2467	
231.93	2375	2454	
232.096	2380	2401	
232.258	2371	2484	
232.392	2370	2458	
232.564	2305	2503	
232.726	2452	2444	
232.878	2537	2448	
233.063	2228	2464	
233.217	2487	1773	
233.379	2449	2440	
233.546	2328	2412	
233.704	2388	2376	
233.863	2334	2445	
234.032	2392	2355	
234.175	2354	2405	
234.341	2402	2398	
234.511	1582	1573	
234.66	2352	2455	
234.825	2390	2409	
234.99	2302	2449	
235.155	2359	2461	
235.308	2411	2401	
235.475	2450	2239	
235.64	2448	2375	
235.795	2380	2488	
235.957	1894	2353	
236.142	2400	2432	
236.293	2397	2393	
236.442	2396	2269	
236.625	2414	2350	
236.776	2388	2338	
236.942	2402	2289	
237.109	2353	2404	
237.254	2402	2286	
237.452	2349	2376	
237.605	2349	2281	
237.738	2368	2265	
237.909	2339	2476	
238.076	2274	2315	
238.224	2293	2359	
238.422	2322	2252	
238.556	2343	2264	
238.72	2305	2409	
238.9	2354	2290	
239.083	2346	2303	
239.235	2352	2304	
239.389	2343	2288	
239.52	2345	2286	
239.682	2343	2285	
239.856	2342	2288	
240.006	2341	2291	
240.173	2345	2286	
240.339	2347	2285	
240.504	2349	2282	
240.654	2349	2280	
240.819	2353	2279	
240.982	2354	2274	
241.154	2307	2230	
241.302	2125	2054	
241.472	1955	1889	
247.992	2920	2768	
248.191	2918	2767	
248.349	2920	2768	
248.509	2918	2767	
248.641	3058	2822	
248.795	2950	2686	
248.96	2423	2546	
249.128	2467	2557	
249.307	2443	2520	
249.445	2406	2526	
249.611	2462	2530	
249.776	2422	2464	
249.941	2340	2468	
250.096	2970	2542	
250.258	2353	2514	
250.453	2398	2416	
250.578	2489	2444	
250.743	2319	2456	
250.911	2346	2416	
251.078	2432	2418	
251.226	2364	2441	
251.425	2332	2412	
251.574	2389	2357	
251.733	2357	2528	
251.899	2286	2434	
252.057	2365	2416	
252.213	2328	2467	
252.36	2358	2400	
252.524	2312	2424	
252.715	2342	2435	
252.86	2396	2448	
253.013	2304	2432	
253.202	2377	2409	
253.334	2264	2487	
253.494	2484	2453	
253.659	2281	2478	
253.826	2513	2458	
253.992	332	2452	
254.16	2270	2437	
254.323	2375	2440	
254.475	2355	2432	
254.664	2296	2302	
254.828	2378	2428	
254.958	2259	2492	
255.127	2368	1935	
255.289	2330	2469	
255.453	1976	2429	
255.605	2331	2374	
255.771	2442	2549	
255.947	2204	2445	
256.12	2430	2534	
256.254	2438	2567	
256.419	2448	2570	
256.585	2442	2537	
256.741	2444	2542	
256.908	1834	1901	
257.087	527	511	
257.243	2380	2445	
257.4	2318	2289	
257.568	2344	2325	
257.738	2326	2417	
257.888	2295	2284	
258.052	2305	2301	
258.216	2253	2322	
258.373	2339	2294	
258.556	2302	2300	
258.698	2273	2345	
258.881	2400	2323	
259.052	2290	2358	
259.2	2372	2288	
259.379	2316	2386	
259.532	2332	2347	
259.694	2342	2328	
259.842	2353	2381	
260.016	2344	2388	
260.154	2358	2421	
260.319	2355	2408	
260.482	2377	2345	
260.67	2398	2417	
260.818	2321	2345	
260.985	2333	2405	
261.154	2318	2331	
261.307	2332	2340	
261.452	2330	2339	
261.644	2333	2300	
261.776	2324	2289	
261.975	2326	2294	
262.116	2315	2300	
272.306	2437	2587	
272.485	2437	2586	
272.643	2438	2587	
272.807	2438	2588	
272.973	2437	2586	
273.122	2436	2587	
273.276	2432	2590	
273.472	2405	2523	
273.621	2374	2486	
273.775	924	2451	
273.94	2353	2444	
274.092	2363	2399	
274.254	2305	2459	
274.446	2376	2387	
274.591	2284	2379	
274.74	2496	2397	
274.924	2282	2302	
275.068	2391	2380	
275.241	2336	2314	
275.39	2286	2384	
275.554	2346	2321	
275.725	2196	2361	
275.889	2292	2414	
276.056	2332	2344	
276.218	2236	2452	
276.394	2270	2356	
276.522	2266	2408	
276.683	2240	2440	
276.854	2268	2372	
277.021	2252	2465	
277.187	2261	2378	
277.338	1606	1608	
277.504	2263	2236	
277.685	2265	2257	
277.818	2204	2528	
277.983	2219	2378	
278.169	2308	2306	
278.318	2357	2394	
278.484	2294	2428	
278.656	2424	2405	
278.796	2332	2316	
278.952	2250	2516	
279.135	2321	2397	
279.292	2301	2682	
279.446	1350	3733	
279.618	79	109	
279.819	24	33	
280.013	66	69	
280.168	928	2211	
280.34	2560	3806	
280.5	2380	2487	
280.663	2600	2277	
280.823	2237	2666	
280.981	2569	2606	
281.13	2289	2498	
281.302	2457	2624	
281.456	2504	2459	
281.656	406	403	
281.799	2346	2355	
281.953	2218	2217	
282.115	2276	2285	
282.283	2200	2412	
282.45	2216	2240	
282.61	2238	2352	
282.765	2178	2262	
282.932	2176	2240	
283.099	2206	2253	
283.265	2240	2365	
283.412	2331	2616	
283.573	2225	2509	
283.75	2229	2552	
283.9	2262	2568	
284.06	2252	2445	
284.235	2265	2517	
284.393	2187	2520	
284.546	2178	2567	
284.731	2323	2572	
284.88	2163	2533	
285.046	2224	2518	
285.197	2213	2554	
285.379	2160	967	
285.556	2357	2586	
285.69	2101	2645	
285.845	2229	2227	
286.034	2257	2604	
286.194	2183	1302	
286.371	2382	2614	
286.538	2280	2533	
286.693	2357	1139	
286.84	2393	2601	
287.008	2248	939	
287.171	2448	2646	
287.335	2352	2642	
287.503	2259	2821	
287.64	2563	2714	
287.811	2271	2576	
287.978	2318	2709	
288.122	2304	2633	
288.287	2233	2838	
288.47	2393	2716	
288.632	2207	2705	
288.787	2376	2793	
288.951	2290	2786	
289.116	2294	2568	
289.282	2334	2845	
289.424	2449	2684	
289.589	2494	2609	
289.757	2489	2606	
289.925	2494	2589	
290.092	2445	2583	
290.228	2514	2621	
290.391	2456	2537	
290.554	2366	2494	
290.743	2356	2424	
290.897	2268	2434	
291.07	2344	2444	
291.219	2344	2400	
291.387	2283	2464	
291.538	2316	2395	
291.688	2333	2379	
291.857	2339	2407	
292.021	2412	2398	
292.175	2325	2205	
292.339	2385	353	
292.505	2363	2462	
292.672	2344	2473	
292.824	2403	2473	
292.986	2368	2468	
293.155	2379	2371	
293.32	2410	2456	
293.486	2391	2463	
293.64	2393	2535	
293.807	2346	2454	
293.972	2418	2464	
294.144	2494	2442	
294.3	2626	2584	
294.451	2439	2569	
294.623	2510	2125	
294.773	2372	2410	
294.938	2501	2445	
295.099	2456	2442	
295.254	2606	2505	
295.442	2505	2545	
295.581	2572	2492	
295.749	3760	2803	
295.902	2484	2602	
296.067	2638	2517	
296.231	2456	2478	
296.406	2440	2474	
296.552	2658	2358	
296.716	2401	2532	
296.893	2892	2608	
297.049	2465	2579	
297.2	2528	2513	
297.36	3460	2642	
297.572	2489	2512	
297.707	2562	2525	
297.871	2532	2633	
298.021	2584	2546	
298.192	2554	2525	
298.354	2540	2540	
298.498	2608	2526	
298.661	2419	2538	
298.929	3089	2688	
298.999	2494	2531	
299.156	2427	2512	
299.334	2445	2472	
299.465	2407	2541	
299.628	2426	2496	
299.795	2489	2471	
299.961	2082	2549	
300.122	2419	2526	
300.3	2593	2443	
300.467	2408	2539	
300.6	2471	2485	
300.762	2475	2636	
300.929	2323	2512	
301.099	2303	2519	
301.249	2366	2646	
301.434	2442	2651	
301.579	2373	2574	
301.744	2369	2600	
301.896	2447	2521	
302.088	2342	2535	
302.237	2360	2520	
302.385	2344	2505	
302.548	2437	2475	
302.713	2355	2508	
302.878	2345	2455	
303.048	2464	2523	
303.215	2336	2498	
303.373	2347	2512	
303.543	2388	2466	
303.701	2406	2485	
303.843	2441	2506	
304.008	2392	2447	
304.164	2322	2478	
304.334	2410	2448	
304.518	1960	2233	
304.697	2268	2308	
304.85	2178	2278	
305.024	2273	2375	
305.148	2206	2503	
305.325	2450	2226	
305.48	1005	752	
305.642	197	152	
305.839	213	215	
305.976	3044	2219	
306.141	2617	2663	
306.309	1229	2590	
306.462	2562	2570	
306.624	2458	2544	
306.791	2481	2569	
306.971	2498	2486	
307.121	1649	2550	
307.293	2441	2533	
307.46	2402	2554	
307.605	2470	2461	
307.76	2418	2512	
307.939	2445	2446	
308.106	2408	2493	
308.255	2464	2459	
308.436	2401	2468	
308.584	2420	2451	
308.738	2411	2509	
308.892	2392	2517	
309.077	2409	2493	
309.221	2437	2481	
309.387	2016	2554	
309.54	2404	2497	
309.738	2344	2392	
309.883	2469	2419	
310.055	2261	2354	
310.213	2280	1986	
310.39	2273	2007	
310.523	2284	2000	
310.695	2295	1969	
310.853	2460	2174	
311.001	2476	2503	
311.165	2309	2461	
311.324	2464	2106	
311.513	2281	2456	
311.65	2384	2503	
311.816	2470	2250	
311.997	2329	2336	
312.167	2378	2146	
312.302	2381	2447	
312.494	2349	2519	
312.65	2652	2418	
312.795	254	258	
312.981	2210	820	
313.134	246	214	
313.316	298	311	
313.484	448	360	
313.677	575	599	
313.868	515	607	
314.022	2058	3269	
314.189	668	700	
314.367	364	145	
314.531	274	325	
314.7	2437	3677	
314.868	1792	1859	
315.001	2446	2621	
315.169	2467	2560	
315.351	2419	2510	
315.486	2408	2537	
315.648	2355	2467	
315.814	2281	2517	
315.996	2321	2455	
316.155	2306	2562	
316.303	2360	2486	
316.465	2305	2494	
316.631	2348	2463	
316.782	2304	2543	
316.95	2372	2501	
317.123	2385	2561	
317.291	2448	2517	
317.433	1341	1408	
317.598	2394	2608	
317.763	1978	2106	
317.916	2496	2596	
318.078	2396	2562	
318.248	2468	2571	
318.413	2507	2554	
318.565	2214	2300	
318.731	2465	2475	
318.892	2334	2458	
319.063	2328	2433	
319.216	1548	1578	
319.378	2368	2354	
319.547	2408	2477	
319.711	2339	2445	
319.866	2444	2498	
320.03	2384	2604	
320.196	665	655	
320.364	2379	2577	
320.527	2201	2242	
320.715	60	78	
320.917	33	44	
321.1	64	97	
321.269	289	252	
321.435	3323	2812	
321.604	2321	2616	
321.756	2468	2571	
321.913	2286	2482	
322.063	2352	2602	
322.261	2325	2470	
322.392	2350	2467	
322.548	2326	2443	
322.748	2316	2435	
322.895	2301	2422	
323.058	2276	2426	
323.224	2317	2450	
323.385	2301	2453	
323.547	2356	2479	
323.7	2326	2419	
323.868	2302	2484	
324.043	2357	2374	
324.201	2297	2439	
324.357	2398	2354	
324.52	2343	2415	
324.682	2384	2354	
324.825	2392	2403	
324.983	2439	2391	
325.14	2360	2494	
325.319	394	135	
325.491	520	334	
325.658	3164	2722	
325.819	2448	2624	
326.002	2428	2525	
326.147	2666	2448	
326.318	2565	2496	
326.486	2479	2410	
326.653	2497	2419	
326.794	2540	2457	
326.953	2332	2409	
327.108	2576	2763	
327.304	2496	2700	
327.457	2330	2322	
327.62	2378	2548	
327.766	2261	2241	
327.925	2341	2285	
328.107	2641	2747	
328.256	2448	2336	
328.449	2605	2708	
328.601	2472	2333	
328.765	2528	2712	
328.93	3771	3654	
329.085	193	179	
329.277	437	560	
329.405	2497	2566	
329.57	2382	2592	
329.759	2440	2566	
329.905	2369	2478	
330.071	2102	2411	
330.238	2445	2574	
330.406	2295	2372	
330.549	2367	2562	
330.716	2364	2560	
330.868	2422	2487	
331.023	2359	2553	
331.2	2411	2062	
331.365	2363	2512	
331.528	2318	2471	
331.668	2411	2476	
331.834	2353	2514	
332.012	2353	2554	
332.177	2419	2522	
332.346	2435	2451	
332.516	2408	2444	
332.664	2416	2433	