sep=	
time (source1)	sensor left	time (source1)	sensor right
0	2542	0	2380
0.229	2542	0.205	2380
0.461	2542	0.415	2378
0.634	2542	0.637	2379
0.832	2542	0.867	2380
1.055	2542	1.06	2381
1.254	2541	1.256	2379
1.471	2544	1.484	2379
1.683	2544	1.701	2380
1.883	2545	1.885	2393
2.093	2513	2.102	2334
2.323	2302	2.333	1936
2.543	2453	2.552	2335
2.752	2491	2.746	2314
2.952	2469	2.935	2312
3.152	2414	3.161	2307
3.367	2501	3.354	2304
3.566	2474	3.57	2316
3.78	2460	3.786	2311
3.983	2472	3.989	2306
4.203	2480	4.196	2330
4.407	2498	4.418	2296
4.621	2501	4.627	2296
4.824	2465	4.863	2320
5.055	2477	5.04	2319
5.245	2432	5.253	2306
5.462	2464	5.468	2125
5.664	2477	5.666	2120
5.879	2468	5.903	2183
6.089	1938	6.118	1802
6.293	2185	6.319	2290
6.506	2354	6.511	2233
6.734	2067	6.741	2332
6.941	2336	6.953	2338
7.149	2416	7.135	2361
7.342	2435	7.374	2350
7.573	2046	7.57	2196
7.771	2385	7.792	2203
7.986	2383	7.988	2209
8.193	2379	8.186	2301
8.393	2381	8.399	2252
8.607	2344	8.61	2265
8.812	2344	8.815	2278
9.022	2340	9.075	2228
9.274	2131	9.281	568
9.492	2222	9.473	2308
9.675	2320	9.687	2294
9.876	2356	9.888	2280
10.079	2371	10.105	2258
10.292	2340	10.319	2253
10.509	2388	10.538	2272
10.709	2362	10.735	2278
10.954	2386	10.947	2272
11.138	2322	11.131	2276
11.339	2410	11.37	2324
11.579	2182	11.57	2350
11.761	2396	11.761	2305
11.974	2327	11.976	2304
12.19	2645	12.181	2480
12.39	2565	12.441	2480
12.632	2638	12.646	2402
12.808	2277	12.812	2188
13.027	2293	13.033	2010
13.24	2514	13.23	2299
13.439	2482	13.441	2319
13.692	2532	13.672	2280
13.871	2476	13.881	2309
14.07	2522	14.076	2356
14.304	2253	14.296	1235
14.489	1022	14.495	2380
14.707	2520	14.714	2356
14.921	2587	14.911	2359
15.121	2519	15.127	2382
15.337	2512	15.345	2372
15.556	2535	15.54	2378
15.752	2571	15.758	644
16	2503	16.004	2356
16.181	2463	16.177	2395
16.389	2425	16.417	2382
16.624	2432	16.643	2400
16.833	2432	16.857	2347
17.046	2441	17.055	2363
17.238	2465	17.243	2371
17.457	2472	17.456	2426
17.655	2925	17.657	2336
17.87	3628	17.857	2278
18.064	2640	18.075	2436
18.288	2792	18.3	2448
18.5	2616	18.511	2498
18.701	2584	18.701	2563
18.915	2624	18.907	2526
19.117	2526	19.12	2448
19.328	2476	19.342	2342
19.552	2478	19.552	2349
19.761	2451	19.753	2352
19.963	2458	19.957	2309
20.165	2440	20.167	2303
20.377	2447	20.387	2302
20.614	2415	20.617	2274
20.818	2407	20.819	2300
21.047	2425	21.049	2308
21.241	2408	21.249	2326
21.446	2400	21.442	2313
21.647	2382	21.661	2069
21.844	2376	21.878	2278
22.074	2311	22.092	2224
22.283	1938	22.294	2066
22.479	2300	22.488	2082
22.695	2328	22.714	2124
22.927	2347	22.924	2190
23.122	2360	23.142	2234
23.337	2406	23.318	2238
23.531	2413	23.551	2221
23.755	2393	23.771	2261
23.966	2383	23.952	2278
24.165	2341	24.182	2005
24.385	2349	24.367	1960
24.601	654	24.583	2047
24.794	2440	24.798	2387
25	2474	25.037	2344
25.234	2458	25.25	2368
25.442	2584	25.432	2358
25.65	2522	25.681	2336
25.878	2584	25.869	2066
26.07	2150	26.074	1435
26.291	2552	26.301	2348
26.504	2594	26.522	2354
26.719	2491	26.705	2408
26.915	2440	26.902	2310
27.109	2421	27.116	2324
27.31	2378	27.344	2300
27.554	2099	27.525	2310
27.743	2395	27.733	2277
27.946	1819	27.948	2265
28.156	2409	28.17	2334
28.362	2397	28.363	2323
28.578	2413	28.581	2381
28.818	2480	28.822	2280
29.023	2414	29.027	2304
29.224	2240	29.234	2535
29.41	2604	29.413	2406
29.621	2555	29.632	2397
29.843	2563	29.863	2398
30.042	2542	30.046	2356
30.259	2537	30.263	2361
30.47	2541	30.464	2339
30.676	2553	30.678	2335
30.891	2514	30.896	2297
31.091	2553	31.094	2322
31.312	2532	31.311	2313
31.523	2524	31.512	2251
31.721	2534	31.723	2301
31.936	2534	31.954	2294
32.164	2539	32.171	2310
32.37	2504	32.365	2304
32.581	2536	32.582	2297
32.775	2515	32.772	2320
33.007	2519	33.002	2362
33.201	2231	33.218	2309
33.41	2544	33.424	2391
33.619	2522	33.627	2310
33.839	2558	33.822	2359
34.035	1755	34.036	2238
34.268	1010	34.274	2283
34.464	2499	34.481	2386
34.696	2557	34.69	2363
34.889	2054	34.892	2240
35.097	2510	35.12	2208
35.315	2528	35.325	2375
35.522	2510	35.525	2245
35.73	2525	35.74	2161
35.951	317	35.965	2379
36.136	2503	36.139	2296
36.35	2445	36.375	2427
36.582	2541	36.586	2368
36.795	2530	36.777	2347
36.996	2526	37.016	2397
37.214	2556	37.202	2397
37.423	2224	37.433	2394
37.617	2542	37.646	2369
37.854	2519	37.839	2372
38.036	2504	38.04	2406
38.254	2449	38.264	2368
38.465	579	38.455	2237
38.663	2195	38.698	2375
38.899	2516	38.91	2224
39.106	743	39.117	2228
39.322	842	39.32	2225
39.534	1116	39.54	2065
39.74	2450	39.761	1909
39.971	2229	39.962	2205
40.164	2475	40.18	2086
40.383	2325	40.395	2226
40.608	358	40.603	2220
40.793	328	40.798	2170
41.011	332	41.004	2280
41.231	790	41.221	2023
41.43	2025	41.436	2212
41.643	2299	41.654	2204
41.849	2310	41.851	2228
42.064	2268	42.077	2200
42.277	2359	42.272	2169
42.481	2376	42.485	2188
42.691	2306	42.703	2209
42.9	2374	42.902	2145
43.108	2423	43.116	2184
43.327	2416	43.33	2235
43.529	2392	43.536	2282
43.763	2422	43.767	2310
43.987	2401	43.982	2030
44.188	2084	44.182	2296
44.388	2502	44.38	1879
44.604	2512	44.581	2335
44.801	2479	44.812	2273
45.019	2422	45.041	2178
45.244	2540	45.211	2336
45.421	2476	45.431	2308
45.652	2429	45.682	2392
45.864	2470	45.885	2401
46.089	2470	46.096	2224
46.289	2402	46.284	2179
46.489	2413	46.493	2291
46.696	2370	46.711	2322
46.926	2438	46.913	2238
47.125	2348	47.14	2221
47.328	2400	47.337	2256
47.546	2416	47.529	2273
47.742	2448	47.73	2280
47.964	2391	47.969	2244
48.174	2355	48.194	2246
48.39	2349	48.39	2245
48.608	2426	48.61	2215
48.815	2433	48.806	2297
49.017	2437	49.018	2296
49.201	2422	49.229	2283
49.429	2327	49.411	2248
49.621	2424	49.626	2233
49.838	2422	49.845	2286
50.038	2389	50.067	2268
50.273	2404	50.276	2261
50.501	2387	50.472	2241
50.67	2376	50.68	2252
50.883	2388	50.891	2211
51.089	2296	51.108	304
51.328	427	51.333	2232
51.535	2400	51.553	2256
51.765	2372	51.765	2235
51.951	2354	51.946	2246
52.155	2386	52.159	2245
52.366	2444	52.399	2251
52.61	2437	52.601	2250
52.815	2432	52.807	2288
53.018	2476	53.03	2255
53.243	2382	53.238	2266
53.437	2352	53.443	2240
53.644	2365	53.647	2344
53.86	2426	53.858	2362
54.058	2419	54.081	2390
54.268	2483	54.257	2322
54.469	2380	54.463	2202
54.676	2419	54.674	2253
54.907	2506	54.92	2354
55.116	2472	55.116	2256
55.319	2420	55.327	2324
55.53	2417	55.537	2236
55.747	2392	55.74	2332
55.96	2389	55.972	2270
56.159	2325	56.173	2247
56.365	2388	56.353	2259
56.564	2414	56.585	2233
56.775	2412	56.773	2254
56.982	2425	56.984	2230
57.204	1921	57.222	2210
57.403	1136	57.423	1293
57.634	2462	57.65	2314
57.848	2438	57.864	2187
58.054	2411	58.056	2245
58.262	2453	58.285	2218
58.482	2497	58.486	2328
58.692	2339	58.68	2247
58.885	2411	58.896	2307
59.081	2420	59.086	2243
59.298	2413	59.328	2254
59.539	2423	59.548	2198
59.748	2336	59.746	2323
59.951	2455	59.947	2288
60.15	2413	60.159	2233
60.363	2436	60.368	2298
60.573	2405	60.588	2233
60.787	2420	60.764	2222
60.976	2402	60.987	2321
61.181	2400	61.185	2199
61.392	2389	61.397	2261
61.608	2386	61.632	2344
61.835	2464	61.844	2316
62.042	2440	62.032	2270
62.255	2394	62.261	2252
62.445	2400	62.475	2278
62.67	2368	62.671	2264
62.876	2406	62.87	2302
63.105	2384	63.114	2296
63.32	2432	63.313	2288
63.52	2425	63.528	2388
63.702	2501	63.715	2332
63.912	2439	63.958	2318
64.162	2409	64.163	2342
64.361	2430	64.373	2318
64.568	2392	64.57	2336
64.784	2392	64.79	2286
65.007	2412	64.964	2335
65.188	2413	65.194	2300
65.405	2456	65.397	2372
65.608	2062	65.625	2370
65.804	2409	65.827	2348
66.02	2446	66.014	2358
66.221	2447	66.26	2361
66.469	2477	66.455	2375
66.669	2494	66.672	2368
66.866	2313	66.874	2286
67.073	2480	67.064	2350
67.272	2460	67.278	2332
67.488	2440	67.496	2350
67.692	2477	67.697	2324
67.908	2476	67.911	2328
68.124	2410	68.128	2409
68.321	2489	68.324	2433
68.534	2493	68.55	2388
68.763	2536	68.771	2428
68.979	2952	68.987	2386
69.18	2520	69.185	2349
69.394	2512	69.402	2301
69.585	2516	69.593	2264
69.808	2466	69.796	2180
70.007	2502	70.041	2246
70.217	2493	70.252	2284
70.449	2452	70.427	2212
70.636	2424	70.636	2267
70.848	2461	70.844	2301
71.069	2396	71.058	2164
71.268	2395	71.275	2251
71.472	2381	71.476	2229
71.688	2425	71.69	2176
71.894	2404	71.924	2224
72.121	2380	72.104	2225
72.315	2385	72.324	2225
72.525	2434	72.525	2240
72.755	2432	72.734	2203
72.947	2396	72.95	2248
73.183	2407	73.193	2253
73.384	2438	73.403	2257
73.602	2433	73.575	2488
73.81	2537	73.815	2344
74.014	2511	74.039	2288
74.243	2469	74.228	2276
74.434	2503	74.434	2307
74.652	2512	74.636	2298
74.831	2497	74.862	2295
75.066	2512	75.044	2318
75.251	2520	75.254	2266
75.463	2530	75.478	2100
75.683	2493	75.697	2243
75.911	2487	75.916	2175
76.098	2462	76.119	2190
76.325	2492	76.325	2219
76.512	2488	76.521	2204
76.745	2440	76.771	630
76.975	2278	76.976	2260
77.176	2473	77.182	2218
77.359	1104	77.364	2192
77.575	2417	77.618	2221
77.805	2426	77.781	2249
77.997	2120	78.003	2222
78.198	2464	78.201	2207
78.416	2430	78.418	2151
78.625	2566	78.62	2145
78.83	2416	78.835	2162
79.048	2429	79.051	2081
79.248	2510	79.251	2112
79.462	2456	79.469	2168
79.672	2452	79.681	2189
79.878	2471	79.885	2112
80.122	2426	80.124	2153
80.32	2458	80.346	2159
80.543	2340	80.518	2133
80.746	2320	80.725	2122
80.928	2412	80.958	2252
81.163	2416	81.161	2230
81.355	2419	81.351	2200
81.578	2438	81.585	2247
81.794	2462	81.8	2238
81.981	2396	81.98	2232
82.191	2388	82.213	2192
82.423	2339	82.429	2223
82.636	2358	82.61	2265
82.824	2504	82.829	2259
83.043	2542	83.07	2305
83.262	2527	83.25	2290
83.457	2568	83.461	2312
83.7	2577	83.69	2317
83.892	2590	83.896	2304
84.118	2630	84.131	2280
84.287	2554	84.291	2332
84.507	2544	84.509	2244
84.708	2506	84.709	2302
84.925	2455	84.926	2197
85.139	2522	85.13	2268
85.337	2506	85.359	2293
85.555	2525	85.562	2222
85.758	2497	85.762	2318
85.992	2458	85.984	2141
86.19	2486	86.18	2159
86.392	2492	86.394	2292
86.602	2356	86.609	2128
86.807	2352	86.809	2214
87.019	2413	87.029	2200
87.24	2477	87.243	2202
87.44	2436	87.44	2236
87.656	2452	87.665	2289
87.873	2376	87.862	2217
88.072	2460	88.076	2290
88.288	2403	88.292	2201
88.488	2458	88.493	2310
88.706	2491	88.726	2256
88.916	966	88.923	2219
89.136	331	89.152	2239
89.366	837	89.374	2245
89.57	2458	89.56	2325
89.795	2478	89.793	2344
89.997	2531	89.993	2395
90.212	2398	90.22	2284
90.421	2077	90.407	2234
90.615	2460	90.624	2218
90.846	2421	90.838	2284
91.042	2314	91.045	2242
91.235	2579	91.238	2285
91.446	2478	91.453	2266
91.673	2516	91.716	2286
91.879	2449	91.886	2371
92.086	2468	92.092	2316
92.286	2458	92.287	2337
92.529	2546	92.507	2158
92.744	2334	92.734	2194
92.941	2384	92.949	2202
93.151	2334	93.134	2370
93.351	2544	93.339	2353
93.556	2492	93.547	2152
93.757	2406	93.779	2180
93.986	2308	94.012	2360
94.211	2577	94.222	2388
94.43	2538	94.433	2152
94.628	2268	94.597	2219
94.81	2354	94.817	2348
95.015	2525	95.019	2370
95.229	2099	95.237	2227
95.447	2549	95.438	2387
95.647	2513	95.647	2286
95.861	2265	95.863	2181
96.066	2358	96.069	2347
96.303	2528	96.348	2319
96.524	2504	96.509	2312
96.713	2500	96.703	2311
96.929	2496	96.928	2310
97.129	2500	97.12	2299
97.384	2516	97.361	2312
97.573	2525	97.564	2342
97.77	2536	97.752	2336
97.981	2500	97.961	2320
98.179	2558	98.167	2356
98.41	2515	98.414	2350
98.623	2478	98.64	2341
98.829	2483	98.848	2342
99.032	2485	99.041	2331
99.251	2483	99.258	2331
99.447	2480	99.43	2330
99.645	2482	99.666	2326
99.846	2482	99.877	2325
100.09	2481	100.08	2320
100.273	2483	100.275	2321
100.475	2480	100.478	2323
100.691	2481	100.699	2322
100.907	2480	100.94	2320
101.14	2481	101.133	2317
101.336	2482	101.337	2315
101.537	2482	101.556	2317
101.744	2480	101.745	2314
101.962	2481	101.997	2312
102.207	2482	118.748	2327
118.761	2558	118.959	2359
118.956	2560	119.198	2332
119.188	2568	119.428	2299
119.38	2432	119.618	2327
119.593	2530	119.831	2288
119.812	2385	120.03	2329
120.032	2412	120.259	2259
120.256	2381	120.428	2276
120.497	2364	120.686	2268
120.665	2451	120.857	2288
120.858	2406	121.059	2229
121.057	2442	121.326	553
121.27	2478	121.53	2318
121.537	302	121.746	2312
121.703	2481	121.94	2328
121.941	2500	122.129	2213
122.13	2498	122.349	2321
122.341	2334	122.546	2291
122.542	2563	122.755	2313
122.788	2546	123.006	2286
123.004	2464	123.175	2322
123.221	2512	123.39	2282
123.387	2534	123.612	2291
123.588	2481	123.834	2295
123.821	2496	124.011	2295
124.033	2493	124.248	2295
124.243	2494	124.469	2293
124.433	2494	124.67	2295
124.663	2495	124.868	2292
124.887	2494	125.103	2294
125.11	2496	125.291	2293
125.309	2493	125.492	2301
125.538	2496	125.692	2299
125.688	2495	125.912	2300
125.903	2496	126.132	2300
126.135	2496	126.35	2301
126.323	2496	126.555	2282
126.541	2496	126.741	2288
126.761	2531	126.977	2268
126.965	2460	127.181	2202
127.18	2494	127.374	2225
127.369	2503	127.595	2212
127.612	2459	127.79	2229
127.794	2492	128.002	2300
128.004	2466	128.22	2276
128.214	2459	128.441	2305
128.424	2494	128.635	2292
128.644	2484	128.872	2385
128.857	2517	129.084	2344
129.077	2453	129.281	2309
129.29	2468	129.471	2342
129.49	2446	129.687	2284
129.681	2408	129.904	2331
129.902	2457	130.103	2129
130.1	2378	130.313	2338
130.309	2455	130.547	2240
130.542	2372	130.743	2376
130.752	2410	130.945	2145
130.963	2419	131.174	2380
131.171	2409	131.388	2189
131.387	2444	131.601	2503
131.592	2427	131.813	2224
131.815	1670	132.029	2377
132.029	2437	132.244	2221
132.254	2385	132.413	2318
132.412	2448	132.631	2328
132.627	2419	132.863	2254
132.835	2423	133.049	2294
133.045	2403	133.25	2347
133.258	2424	133.466	2364
133.46	2417	133.68	2214
133.676	2446	133.886	2344
133.878	2385	134.097	2260
134.096	2451	134.3	2307
134.305	2422	134.543	1933
134.51	2405	134.726	2388
134.744	2433	134.932	2287
134.929	2473	135.171	2274
135.139	2369	135.393	2419
135.388	2451	135.594	2352
135.59	2676	135.8	2278
135.791	2368	136.003	2246
136.004	2456	136.223	2355
136.204	2447	136.433	2260
136.431	2389	136.63	2266
136.634	2445	136.841	2257
136.851	2484	137.031	2034
137.048	2463	137.241	2237
137.243	2442	137.462	2277
137.454	2460	137.661	2235
137.659	2489	137.879	2272
137.877	2408	138.082	2230
138.093	2432	138.296	2290
138.293	2450	138.513	2257
138.51	2462	138.713	2273
138.709	2363	138.929	2179
138.919	2406	139.14	2228
139.142	2437	139.341	2189
139.342	2416	139.556	2327
139.556	2361	139.784	2206
139.79	2416	140.009	2156
139.997	2453	140.219	761
140.196	2407	140.429	2265
140.415	1604	140.648	2247
140.634	2490	140.845	2232
140.832	2469	141.052	2184
141.041	2414	141.27	2229
141.248	2396	141.478	2216
141.466	2429	141.656	2230
141.682	2408	141.87	2176
141.869	2369	142.106	2286
142.099	1830	142.329	2251
142.309	2388	142.531	2259
142.531	2369	142.736	2148
142.736	2418	142.94	2300
142.942	2376	143.141	2172
143.149	2406	143.37	2251
143.359	2457	143.568	2213
143.564	2380	143.784	2244
143.771	2353	143.966	2254
143.99	2418	144.188	2214
144.181	2420	144.414	2216
144.386	2448	144.606	909
144.609	2452	144.835	2300
144.831	2490	145.054	2168
145.046	2481	145.253	2255
145.247	2454	145.474	2208
145.463	2411	145.68	2283
145.672	2491	145.898	2238
145.876	2454	146.104	2245
146.089	2411	146.284	2345
146.281	2443	146.536	2227
146.495	2404	146.746	2300
146.733	2229	146.947	2229
146.932	2523	147.149	2300
147.145	2390	147.337	2265
147.33	2459	147.555	2289
147.55	2488	147.782	2313
147.751	2446	147.985	2261
147.975	2446	148.192	2285
148.181	2412	148.395	2208
148.385	2437	148.603	2294
148.591	2406	148.805	2314
148.812	2415	149.017	2186
149.017	2403	149.238	2304
149.232	2380	149.459	2264
149.431	2396	149.647	2293
149.642	2444	149.853	2321
149.86	2401	150.068	2229
150.061	2408	150.284	2284
150.28	2405	150.482	2298
150.48	2391	150.696	2286
150.696	2400	150.926	2308
150.908	2389	151.132	2172
151.142	2392	151.36	2241
151.336	2329	151.552	2288
151.564	2420	151.773	2260
151.745	2446	151.963	700
151.969	1911	152.185	2282
152.188	2473	152.401	2236
152.393	2496	152.609	2222
152.6	1956	152.83	2227
152.817	2436	153.016	2266
153.006	2458	153.23	2325
153.224	2469	153.479	2287
153.459	2420	153.664	2272
153.663	2461	153.888	2213
153.874	2456	154.09	2236
154.076	2363	154.307	2272
154.291	2426	154.5	2299
154.508	2442	154.716	2045
154.7	2400	154.931	2206
154.916	2510	155.149	2203
155.121	2355	155.328	2207
155.321	2425	155.553	2234
155.526	2418	155.78	2151
155.769	2510	155.969	2216
155.971	2476	156.179	2194
156.188	2448	156.387	2232
156.383	2438	156.623	374
156.592	2412	156.832	386
156.82	675	157.027	1740
157.021	686	157.243	1399
157.238	1116	157.444	2134
157.441	2426	157.657	2205
157.652	2408	157.893	2240
157.87	2390	158.094	491
158.091	726	158.309	2085
158.312	2401	158.51	2328
158.524	2393	158.728	2284
158.73	2571	158.949	2246
158.952	2496	159.164	2179
159.155	2474	159.369	2107
159.359	2029	159.576	2212
159.576	1688	159.777	2504
159.773	2449	159.975	2526
159.972	2553	160.219	2148
160.204	2507	160.425	2114
160.415	2376	160.632	2416
160.64	2411	160.839	2260
160.844	2504	161.054	2220
161.039	2275	161.249	2230
161.257	2448	161.457	2235
161.458	2314	161.654	2316
161.655	2528	161.89	2250
161.864	2277	162.1	2235
162.091	2421	162.286	2157
162.285	2436	162.533	2350
162.506	2108	162.731	2163
162.741	2497	162.955	2224
162.937	2426	163.151	2172
163.154	2396	163.349	2345
163.355	2232	163.585	1918
163.583	2613	163.781	2150
163.78	2481	163.995	2169
163.988	2363	164.198	2126
164.202	2333	164.388	2140
164.382	2310	164.603	2179
164.596	2310	164.808	2208
164.817	2433	165.02	2219
165.013	2488	165.238	2211
165.229	2484	165.437	2194
165.433	2483	165.654	2224
165.651	2444	165.856	2205
165.866	2456	166.069	2205
166.067	2468	166.287	2218
166.282	2456	166.487	2185
166.483	2461	166.699	2278
166.7	2467	166.916	2195
166.908	2482	167.118	2285
167.113	2436	167.333	2213
167.331	2487	167.536	2226
167.533	2427	167.768	2260
167.745	2486	167.968	2246
167.96	2453	168.164	2228
168.163	2472	168.38	2206
168.379	2459	168.585	2244
168.594	2452	168.8	2196
168.797	2456	169.013	2258
169.012	2451	169.214	2194
169.213	2429	169.435	2248
169.427	2439	169.65	2200
169.646	2425	169.845	2252
169.844	2456	170.083	2212
170.063	2428	170.265	2219
170.263	2433	170.483	2203
170.479	2466	170.697	2204
170.695	2465	170.899	2218
170.896	2458	171.119	2199
171.111	2459	171.314	2211
171.313	2456	171.553	2282
171.523	2462	171.75	2276
171.776	2496	171.96	2286
171.954	2520	172.168	2265
172.171	2490	172.387	2322
172.377	2505	172.584	2311
172.581	2474	172.803	2240
172.793	2476	172.995	2319
172.993	2490	173.213	2251
173.214	2480	173.414	2299
173.427	2478	173.625	2280
173.623	2468	173.841	2320
173.838	2452	174.046	2272
174.043	2484	174.267	2352
174.259	2446	174.481	2297
174.472	2523	174.679	2328
174.674	2474	174.894	2334
174.892	2532	175.111	2360
175.102	2539	175.311	2325
175.308	2614	175.525	2309
175.52	2581	175.724	2262
175.724	2520	175.968	2242
175.934	2527	176.171	2226
176.161	2472	176.367	2231
176.376	2498	176.571	2196
176.573	2489	176.809	2199
176.793	2466	177.016	2181
176.992	2412	177.217	2184
177.219	2443	177.443	2154
177.431	2497	177.633	2154
177.617	2457	177.858	2172
177.823	2460	178.037	2172
178.034	2464	178.276	2185
178.248	2483	178.459	2247
178.48	2486	178.675	2237
178.672	2516	178.876	2224
178.89	2504	179.09	2157
179.082	2492	179.309	2169
179.302	2485	179.505	2164
179.532	2439	179.72	2125
179.737	2437	179.924	2149
179.924	2444	180.171	2139
180.135	2440	180.352	2142
180.343	2445	180.556	2131
180.552	2412	180.781	2179
180.777	2439	181.007	2142
180.997	2446	181.204	2132
181.2	2421	181.422	2151
181.417	2435	181.625	2144
181.634	2444	181.835	2130
181.842	2493	182.039	2168
182.03	1844	182.24	2169
182.233	2440	182.453	2149
182.451	2436	182.654	2145
182.66	2468	182.869	2183
182.864	2475	183.087	2240
183.079	2474	183.287	2242
183.283	2482	183.505	2244
183.515	2485	183.704	2244
183.739	2484	183.921	2246
183.914	2485	184.132	2275
184.127	2497	184.336	2288
184.333	2498	184.552	2280
184.548	2570	184.768	2299
184.764	2492	184.967	2315
184.962	2577	185.213	2293
185.219	2574	185.392	2313
185.423	2524	185.614	2314
185.621	2505	185.83	2241
185.813	2490	186.039	2240
186.04	2506	186.245	2308
186.244	2474	186.458	2270
186.457	2467	186.676	2292
186.643	2484	186.869	2243
186.864	2486	187.065	2253
187.078	2497	187.276	2289
187.277	2490	187.485	2253
187.491	2456	187.7	2297
187.694	2458	187.917	2256
187.91	2518	188.114	2309
188.132	2436	188.329	2272
188.326	2465	188.55	2262
188.543	2497	188.749	2295
188.745	2456	188.965	2253
188.962	2521	189.167	2276
189.177	2516	189.381	2244
189.397	2498	189.595	2264
189.589	2466	189.822	2288
189.819	2477	190.018	2301
190.034	2465	190.218	2288
190.227	2473	190.435	2290
190.444	2520	190.661	2250
190.65	2525	190.871	2297
190.855	2515	191.062	2288
191.062	2544	191.265	2334
191.275	2516	191.498	2252
191.499	2493	191.693	2262
191.71	2485	191.894	2350
191.893	2514	192.145	2292
192.105	2516	192.325	2285
192.322	2478	192.529	2337
192.524	2524	192.745	2339
192.737	2536	192.946	2339
192.951	2528	193.162	2257
193.153	2539	193.378	2320
193.367	2475	193.577	2291
193.573	2501	193.793	2304
193.793	2500	193.995	2284
194.002	2524	194.208	2279
194.202	2512	194.422	2332
194.435	2521	194.666	2317
194.651	2488	194.855	2298
194.857	2457	195.057	2280
195.062	2540	195.283	2286
195.256	2512	195.481	2298
195.479	2518	195.679	2212
195.685	2507	195.886	2241
195.89	2471	196.116	2220
196.104	2458	196.304	2187
196.325	2472	196.523	2197
196.514	2460	196.753	2258
196.734	2448	196.954	2200
196.956	2470	197.165	2181
197.151	2430	197.356	2231
197.363	2469	197.604	2368
197.564	1976	197.809	2419
197.803	2381	198.036	2352
198.018	2444	198.224	2350
198.214	2335	198.461	2712
198.428	2517	198.622	2548
198.619	2671	198.825	2544
198.829	2675	199.069	2407
199.056	2676	199.273	2301
199.266	2422	199.483	2300
199.468	2372	199.672	2305
199.691	2401	199.891	2326
199.882	2407	200.111	2295
200.086	2418	200.299	2304
200.298	2386	200.532	2295
200.527	2413	200.743	2438
200.741	2466	200.935	2208
200.93	2319	201.134	2277
201.133	2437	201.367	2241
201.351	2415	201.589	2206
201.568	2427	201.77	2084
201.768	2474	201.988	1891
201.979	2463	202.187	2379
202.184	2397	202.404	2324
202.396	2426	202.619	2258
202.612	2368	202.817	2304
202.828	2376	203.039	2248
203.032	2343	203.234	2229
203.244	2399	203.451	2216
203.442	2406	203.706	2230
203.688	2424	203.904	2112
203.9	2395	204.115	2356
204.122	2185	204.285	2377
204.31	2550	204.523	2233
204.494	2513	204.732	2362
204.716	2566	204.947	2096
204.913	1904	205.157	2114
205.153	2384	205.36	1986
205.354	2444	205.548	2098
205.542	2323	205.78	2108
205.761	2392	206.01	2409
206.006	2368	206.222	2042
206.213	2544	206.399	2087
206.404	2537	206.599	2129
206.604	2368	206.819	2021
206.804	2182	207.017	2350
207.026	2488	207.245	2062
207.228	1997	207.451	2343
207.445	2361	207.663	2336
207.644	2524	207.857	2068
207.855	2421	208.104	2085
208.075	2167	208.321	1556
208.311	2552	208.492	2345
208.492	2094	208.732	2166
208.715	2221	208.924	2188
208.93	2304	209.141	2184
209.132	2307	209.327	2126
209.356	2428	209.542	1520
209.537	2532	209.745	2373
209.742	2515	209.976	2389
209.959	2632	210.173	299
210.17	2603	210.38	2417
210.388	2552	210.6	312
210.589	2320	210.836	2366
210.826	2567	211.035	2389
211.032	2664	211.272	430
211.239	2516	211.482	2396
211.469	2362	211.687	2385
211.672	2585	211.879	2421
211.882	2264	212.078	2354
212.073	2608	212.298	2393
212.29	2144	212.495	2386
212.49	2597	212.735	2360
212.706	2393	212.965	2372
212.95	2610	213.168	2358
213.155	2562	213.375	2215
213.376	2556	213.57	2008
213.576	2592	213.79	2308
213.777	2570	214.003	2178
213.987	2560	214.197	2277
214.199	2530	214.417	2369
214.411	2571	214.616	2374
214.615	2541	214.803	2269
214.8	2552	215.048	2364
215.013	2544	215.259	2312
215.244	2549	215.453	2314
215.466	2549	215.665	2344
215.664	2576	215.869	2264
215.875	2524	216.096	2401
216.08	2576	216.313	2250
216.295	2528	216.488	2382
216.48	2619	216.707	2394
216.699	2580	216.902	2394
216.902	2624	217.117	2373
217.112	2597	217.354	2386
217.335	2597	217.541	2226
217.53	2586	217.78	2240
217.746	2585	217.987	2240
217.994	2585	218.171	2240
218.192	2584	218.373	2240
218.379	2585	218.599	2238
218.602	2584	218.815	2233
218.811	2584	219.042	2419
219.027	2611	219.216	2334
219.215	2574	219.436	482
219.431	2038	219.653	2252
219.646	2494	219.853	2197
219.849	2454	220.068	2197
220.065	2428	220.271	2235
220.285	2457	220.5	2264
220.479	2458	220.701	2260
220.698	2524	220.943	2274
220.896	2518	221.119	2344
221.116	2526	221.338	2322
221.336	2592	221.535	2316
221.527	2542	221.753	2389
221.742	2576	221.954	2280
221.947	2526	222.168	2384
222.158	2571	222.369	2280
222.379	2553	222.585	1972
222.583	2549	222.801	2392
222.797	2530	223.017	2306
223.012	2535	223.216	1890
223.212	2550	223.434	2241
223.429	2571	223.631	2375
223.629	2540	223.846	2376
223.844	2553	224.048	2365
224.047	2555	224.268	2377
224.258	2545	224.482	2340
224.473	2528	224.684	2323
224.677	2513	224.9	2303
224.893	2531	225.098	2272
225.111	2451	225.337	2250
225.334	2442	225.546	1312
225.552	2131	225.762	2235
225.763	2452	225.963	683
225.959	2459	226.161	2195
226.153	2435	226.364	2129
226.373	2396	226.6	2201
226.577	2411	226.826	299
226.796	2434	227.027	2164
227.03	2418	227.239	2132
227.23	2397	227.443	2172
227.44	2464	227.651	2134
227.649	2422	227.876	2179
227.856	2272	228.076	2187
228.083	2104	228.261	1273
228.281	2280	228.477	2148
228.47	2005	228.726	2298
228.707	2345	228.938	2189
228.945	2415	229.139	2049
229.147	2496	229.351	2117
229.35	2144	229.552	2041
229.55	2339	229.759	2112
229.765	2120	229.981	2042
229.979	2404	230.186	2108
230.176	2397	230.361	2103
230.371	2432	230.572	2148
230.574	2384	230.791	1771
230.784	2482	231.032	2172
231.019	996	231.237	2144
231.228	2481	231.449	2222
231.442	2508	231.658	2227
231.652	2490	231.869	2368
231.864	2504	232.055	2168
232.071	2503	232.272	309
232.255	2524	232.475	2114
232.472	2448	232.689	2242
232.688	2411	232.894	2296
232.894	2462	233.123	2275
233.101	2460	233.352	2236
233.333	2457	233.555	2257
233.544	2477	233.76	2229
233.769	2480	233.972	2286
233.973	2500	234.183	2255
234.177	2482	234.37	2304
234.362	2491	234.575	2301
234.585	2504	234.789	2289
234.786	2512	235.013	2333
235.001	2498	235.202	2246
235.2	2475	235.436	2264
235.411	2515	235.65	2243
235.648	2515	235.871	2287
235.832	2529	236.077	2277
236.068	2509	236.279	2272
236.267	2596	236.489	2287
236.484	2557	236.7	2324
236.689	2556	236.916	2319
236.909	2564	237.139	2312
237.097	2585	237.342	2303
237.347	2548	237.518	2343
237.51	2561	237.736	2333
237.725	2611	237.964	2340
237.952	2616	238.166	2338
238.19	2620	238.382	2338
238.388	2620	238.595	2337
238.614	2619	238.821	2338
238.798	2620	239.014	2337
239.034	2618	239.232	2337
239.208	2620	239.441	2336
239.424	2619	267.557	2314
239.647	2620	267.776	2312
267.552	2599	268.01	2319
267.764	2598	268.186	2308
267.989	2599	268.405	2284
268.203	2603	268.605	2311
268.4	2561	268.822	2262
268.602	2516	269.025	2265
268.818	2508	269.242	2492
269.033	2488	269.457	2308
269.233	2475	269.658	2480
269.45	2446	269.865	2308
269.653	2491	270.097	2401
269.862	2443	270.31	2311
270.079	2432	270.507	2296
270.31	2457	270.705	2302
270.497	2645	270.916	2321
270.716	2447	271.132	2328
270.919	2517	271.336	2328
271.15	2530	271.553	2300
271.335	2544	271.775	2342
271.555	2589	271.977	2279
271.773	2539	272.185	2321
271.968	2545	272.413	2380
272.181	2571	272.629	2357
272.382	2521	272.849	2328
272.631	2546	273.051	2320
272.824	2312	273.243	1940
273.033	2576	273.461	2340
273.248	2536	273.685	2126
273.459	2656	273.877	2344
273.645	2522	274.097	2115
273.886	2596	274.317	1915
274.099	900	274.499	2353
274.278	2417	274.743	2380
274.491	2548	274.942	2322
274.699	2644	275.153	2351
274.929	2528	275.368	2294
275.139	1391	275.564	2343
275.359	2511	275.782	2284
275.559	2320	275.984	2332
275.785	2806	276.199	2336
275.979	2192	276.381	2283
276.197	2078	276.596	2233
276.406	1372	276.801	2322
276.597	2507	277.057	2312
276.808	1130	277.25	2303
277.008	2582	277.452	2223
277.245	2572	277.679	2212
277.453	2587	277.884	2282
277.661	2587	278.097	2216
277.867	2498	278.306	2144
278.059	2026	278.521	2137
278.292	2447	278.701	2215
278.501	2395	278.918	2111
278.708	2443	279.112	2153
278.904	2420	279.362	2139
279.109	2400	279.533	2156
279.322	2425	279.778	2116
279.553	2424	279.97	2139
279.769	2402	280.164	2119
279.97	2344	280.379	2108
280.187	2360	280.596	2116
280.376	2401	280.795	2048
280.592	2338	281.034	2076
280.79	2275	281.242	2017
281.023	2240	281.428	2120
281.244	2195	281.662	2047
281.423	2405	281.867	2077
281.637	2200	282.073	2037
281.869	2408	282.3	2172
282.088	2283	282.517	2172
282.287	2129	282.706	2087
282.504	2376	282.913	2090
282.698	2442	283.108	2278
282.91	2300	283.313	2272
283.101	2324	283.551	2232
283.324	2322	283.744	2196
283.525	2323	283.992	2183
283.741	2251	284.19	2229
283.939	2020	284.407	2232
284.189	2384	284.61	2196
284.386	2340	284.807	2223
284.605	2322	285.017	2189
284.807	2377	285.233	2252
285.031	2319	285.445	2256
285.22	2386	285.643	2224
285.439	2376	285.868	2244
285.641	2298	286.04	2252
285.849	2294	286.285	2227
286.038	2436	286.492	2224
286.249	2378	286.713	2275
286.494	2417	286.896	2234
286.699	2452	287.106	2200
286.9	2416	287.323	2252
287.103	2331	287.533	2206
287.309	2426	287.742	2213
287.526	2449	287.951	2252
287.735	2426	288.154	2200
287.954	2517	288.35	1833
288.18	2441	288.586	2167
288.354	2381	288.804	2189
288.581	2416	289.005	2238
288.81	2365	289.203	2211
288.999	2455	289.406	2252
289.197	2350	289.622	2174
289.401	2475	289.821	2196
289.611	2472	290.037	2247
289.832	2429	290.246	2294
290.029	2347	290.454	2298
290.251	2248	290.665	2325
290.452	2433	290.871	1859
290.664	2544	291.086	2189
290.878	2304	291.303	2302
291.079	1796	291.501	2309
291.299	2774	291.718	2153
291.499	2722	291.957	2360
291.716	2384	292.137	2233
291.929	2437	292.353	2182
292.129	2538	292.552	2168
292.346	2371	292.763	2200
292.549	2449	292.98	2190
292.762	2392	293.213	2139
292.977	2366	293.427	2155
293.208	2345	293.605	2188
293.415	2316	293.815	2099
293.628	2360	294.034	2502
293.812	2296	294.255	2175
294.026	2353	294.45	2140
294.244	801	294.667	2131
294.447	2381	294.867	1872
294.663	2317	295.077	2143
294.877	2318	295.297	2149
295.102	2389	295.544	2133
295.295	2362	295.744	1818
295.529	2354	295.957	2172
295.751	2407	296.166	2221
295.951	2309	296.375	2112
296.149	2316	296.58	1808
296.357	2427	296.781	1807
296.567	2355	296.99	2137
296.791	2356	297.21	2163
296.99	2012	297.394	2174
297.19	2396	297.596	2236
297.386	2439	297.81	2532
297.594	2214	298.026	2226
297.805	2360	298.228	2159
298.023	2523	298.443	2182
298.225	2416	298.647	2134
298.438	1242	298.89	2210
298.653	2380	299.088	2256
298.854	1993	299.301	2267
299.093	2433	299.506	2263
299.304	2360	299.696	2221
299.501	2387	299.907	2229
299.7	2395	300.128	2264
299.904	2380	300.327	2221
300.118	2345	300.545	2249
300.326	2319	300.76	2269
300.542	2370	300.961	2256
300.757	2372	301.178	2216
300.957	2374	301.378	2216
301.173	2354	301.594	2222
301.389	2372	301.804	2247
301.585	2377	302.007	2235
301.805	2441	302.23	2261
302.006	2435	302.458	2020
302.247	2424	302.679	2229
302.465	2388	302.871	2236
302.666	2428	303.094	2149
302.865	2460	303.287	2168
303.076	2437	303.505	2192
303.301	2383	303.709	2320
303.492	2375	303.936	2289
303.713	2416	304.106	2201
303.9	2439	304.319	2157
304.126	2451	304.558	2185
304.315	2396	304.775	2157
304.552	2397	304.986	2288
304.764	2394	305.158	2281
304.984	2375	305.402	2157
305.178	2414	305.608	2131
305.389	2518	305.808	2283
305.595	2408	306.035	2242
305.823	2444	306.244	2245
306.02	2413	306.417	2238
306.235	2437	306.654	2368
306.44	2422	306.862	2198
306.625	2400	307.08	2333
306.861	2383	307.295	2345
307.069	2385	307.492	2274
307.286	2432	307.681	1912
307.504	2432	307.888	2300
307.697	2419	308.103	2304
307.885	2014	308.321	2366
308.101	2402	308.517	2418
308.316	2402	308.731	2333
308.516	2485	308.976	2237
308.742	2320	309.186	2217
308.945	2418	309.41	2130
309.179	2458	309.605	2241
309.395	2384	309.82	2249
309.608	2337	310.014	2220
309.799	2433	310.225	2167
310.015	2429	310.433	2249
310.221	2452	310.616	2306
310.44	2418	310.851	2172
310.629	2437	311.036	2266
310.848	2359	311.281	2149
311.037	2527	311.478	2266
311.244	2436	311.709	2188
311.485	2436	311.903	2202
311.687	2633	312.123	2203
311.893	2410	312.297	2203
312.107	2448	312.517	2204
312.316	2446	312.717	2204
312.506	2448	312.969	2204
312.715	2446	313.147	2203
312.925	2448	313.346	2204
313.173	2446	313.561	2202
313.344	2448	313.829	2203
313.554	2446	314.009	2203
313.775	2447	314.213	2203
314.019	2446	314.398	2203
314.235	2447	314.613	2204
314.471	2446	314.831	2203
314.607	2447	350.513	1508
314.824	2446	350.711	1508
315.029	2448	350.921	1504
350.472	2570	351.146	2291
350.717	2568	351.312	2228
350.924	2570	351.524	2168
351.109	2840	351.752	1604
351.311	2508	352.021	1643
351.523	2460	352.179	1645
351.753	2462	352.374	1642
351.966	2503	352.575	1642
352.193	2497	352.804	1135
352.389	2496	353.022	2258
352.572	2496	353.233	2245
352.786	2494	353.436	295
353.015	2492	353.64	2268
353.215	2479	353.848	309
353.427	2493	354.059	291
353.646	2501	354.277	2265
353.848	2514	354.489	806
354.058	2535	354.704	299
354.27	2496	354.924	299
354.497	2524	355.152	300
354.716	2518	355.371	300
354.924	2520	355.599	299
355.147	2519	355.798	299
355.368	2519	356.01	308
355.582	2514	356.225	322
355.771	2514	356.44	808
355.988	2508	356.644	571
356.204	2513	356.86	307
356.42	2506	357.07	1853
356.636	2516	357.287	2201
356.854	2509	357.535	321
357.088	2507	357.733	2130
357.279	2515	357.926	2262
357.488	2515	358.152	932
357.724	2470	358.371	1651
357.922	2523	358.591	2259
358.135	2505	358.786	2338
358.38	2562	359.001	2303
358.578	2503	359.235	2301
358.784	2531	359.392	2300
359.013	2552	359.602	2271
359.202	2549	359.843	310
359.408	2547	360.063	295
359.599	2547	360.285	1234
359.813	2526	360.486	1777
360.049	2505	360.68	2099
360.274	2475	360.914	2209
360.477	2464	361.109	2208
360.677	2458	361.312	1978
360.909	2461	361.505	2238
361.103	2286	361.719	1904
361.31	2246	361.931	295
361.509	2338	362.166	293
361.714	2474	362.369	1609
361.928	2479	362.587	2234
362.151	2485	362.785	2146
362.372	2494	362.99	2333
362.59	2475	363.22	2397
362.791	2322	363.433	2221
363.008	2388	363.638	2216
363.207	2590	363.832	298
363.423	2325	364.052	652
363.635	2351	364.265	1792
363.846	2493	364.469	2196
364.044	2480	364.687	2218
364.256	2470	364.902	313
364.473	2384	365.119	2276
364.681	2540	365.315	2324
364.896	2241	365.535	2214
365.11	2261	365.735	1858
365.312	2581	365.949	2157
365.523	2563	366.167	771
365.732	2524	366.378	2121
365.943	2489	366.628	249
366.157	2428	366.848	2176
366.374	2440	367.05	2220
366.624	2445	367.248	2245
366.86	2480	367.45	2239
367.052	2501	367.687	2246
367.252	2544	367.895	2241
367.425	2560	368.082	2258
367.645	2553	368.306	2240
367.882	2544	368.476	2256
368.053	2558	368.692	2284
368.282	2554	368.929	2290
368.504	2549	369.131	2242
368.697	2536	369.362	2253
368.921	2546	369.57	2242
369.127	2506	369.777	2273
369.355	2549	369.973	2246
369.566	2577	370.178	2256
369.768	2570	370.389	2237
369.974	2559	370.606	2297
370.184	2546	370.792	2256
370.386	2572	370.996	2340
370.602	2552	371.243	2308
370.804	2568	371.458	2298
370.994	2617	371.653	2326
371.23	2553	371.857	2306
371.435	2567	372.046	2313
371.646	2590	372.286	2311
371.867	2589	372.498	2292
372.064	2548	372.682	2301
372.28	2546	372.899	2289
372.469	2568	373.107	2284
372.692	2520	373.338	2289
372.892	2560	373.533	2254
373.107	2531	373.727	2321
373.304	2554	373.944	2238
373.547	2538	374.164	2293
373.735	2538	374.359	2311
373.936	2497	374.575	2298
374.156	2496	374.778	2260
374.355	2525	374.991	2272
374.571	2523	375.208	2235
374.784	2537	375.408	2296
374.984	2524	375.651	2245
375.205	2517	375.851	2264
375.419	2509	376.083	2259
375.619	2530	376.258	2244
375.858	2528	376.458	2303
376.059	2510	376.699	2289
376.252	2526	376.892	2281
376.454	2517	377.086	2255
376.664	2509	377.323	2271
376.891	2524	377.524	2266
377.112	2495	377.721	2254
377.305	2470	377.959	2248
377.52	2536	378.171	2256
377.714	2490	378.372	2234
377.93	2535	378.587	2240
378.159	2510	378.817	2265
378.383	2528	378.995	2259
378.583	2507	379.217	2240
378.805	2493	379.432	2259
379.014	2511	379.632	2263
379.224	2486	379.838	2252
379.415	2531	380.031	2266
379.626	2497	380.266	2236
379.834	2507	380.484	2227
380.026	2232	380.683	230
380.233	2511	380.917	219
380.474	2521	381.123	2291
380.695	892	381.349	2284
380.913	173	381.541	2286
381.12	2469	381.769	2302
381.328	2506	381.953	2323
381.536	2530	382.15	2318
381.746	2510	382.361	2310
381.945	2531	382.595	2316
382.147	2541	382.814	2312
382.358	2512	382.998	2277
382.578	2557	383.199	2285
382.778	2545	383.441	2267
383.011	2553	383.649	2260
383.198	2536	383.853	2301
383.41	2510	384.069	2264
383.644	2554	384.263	2268
383.857	2524	384.461	2264
384.047	2572	384.674	2347
384.275	2545	384.901	2276
384.476	2546	385.115	2336
384.675	2537	385.3	2254
384.905	2522	385.514	2283
385.115	2545	385.748	2257
385.307	2521	385.93	2315
385.508	2526	386.149	2277
385.726	2523	386.362	2304
385.928	2528	386.562	2284
386.141	2496	386.777	2296
386.354	2522	387.013	2293
386.558	2513	387.221	2296
386.792	2511	387.433	2259
386.977	2497	387.643	2328
387.224	2521	387.846	2209
387.426	2505	388.059	2281
387.635	2506	388.249	2188
387.843	2256	388.47	2333
388.051	2353	388.697	2182
388.256	2378	388.901	2204
388.462	2373	389.08	2252
388.674	2400	389.32	2205
388.904	2416	389.523	2261
389.078	2439	389.738	2241
389.287	2423	389.932	2203
389.524	2459	390.154	2308
389.728	2474	390.372	2254
389.937	2491	390.577	2229
390.143	2442	390.784	2272
390.356	2468	390.979	2224
390.548	2430	391.202	2314
390.771	2450	391.394	2321
390.991	2441	391.609	2318
391.187	2336	391.846	2314
391.405	2737	392.059	2288
391.605	2727	392.257	2089
391.84	2704	392.439	2285
392.061	2705	392.685	1995
392.234	2688	392.89	2261
392.46	2677	393.1	2426
392.673	2657	393.321	2241
392.877	2684	393.493	2420
393.1	2672	393.705	2323
393.297	2670	393.922	2412
393.517	2689	394.122	2156
393.697	2659	394.341	2187
393.915	2492	394.562	2128
394.119	2652	394.764	2272
394.334	2435	394.969	2282
394.552	2605	395.17	2232
394.755	2432	395.39	2192
394.966	2630	395.623	2244
395.173	2032	395.82	2240
395.378	2658	396.017	2267
395.598	2660	396.265	2364
395.838	2656	396.468	1874
396.016	2654	396.64	2073
396.219	2621	396.873	2256
396.464	2524	397.085	2339
396.638	2344	397.273	2432
396.849	2182	397.511	2257
397.063	2291	397.716	2360
397.269	2518	397.906	2320
397.494	2444	398.116	2311
397.699	2506	398.319	2372
397.917	2444	398.561	2261
398.11	2430	398.782	2200
398.328	2443	398.983	2236
398.547	2412	399.179	2313
398.757	2414	399.37	2253
398.978	2406	399.586	2400
399.18	2426	399.805	2382
399.377	2409	400.002	2179
399.597	2469	400.215	2473
399.793	2480	400.42	2325
399.998	2534	400.633	2256
400.209	2248	400.86	2258
400.428	2664	401.05	2422
400.628	2432	401.263	2272
400.841	2416	401.507	2253
401.072	2438	401.706	2190
401.273	2407	401.935	2219
401.489	2439	402.106	2148
401.699	2395	402.339	2164
401.928	2394	402.521	2198
402.142	2365	402.732	2201
402.343	2390	402.946	2202
402.548	2426	403.15	2202
402.727	2438	403.365	2201
402.94	2444	403.582	2201
403.157	2443	403.781	2201
403.361	2443	404.005	2201
403.579	2444	404.214	2200
403.792	2444	435.496	2310
403.994	2445	435.731	2309
404.207	2444	435.915	2310
404.422	2445	436.132	2309
435.705	2534	436.336	2320
435.928	2534	436.548	2352
436.129	2533	436.766	2274
436.346	2534	436.966	2266
436.547	2533	437.181	2242
436.761	2525	437.399	2246
436.964	2485	437.595	2251
437.176	2445	437.809	2232
437.393	2482	438.044	2224
437.594	2476	438.246	2198
437.813	2475	438.461	2238
438.051	2438	438.675	2294
438.24	2466	438.871	2210
438.464	2445	439.095	2253
438.665	2466	439.304	2263
438.863	2492	439.5	2188
439.106	2469	439.729	2164
439.294	2476	439.912	2282
439.492	2444	440.115	2264
439.728	2462	440.359	2167
439.916	2394	440.566	2229
440.124	2102	440.746	2227
440.365	2397	440.959	2212
440.573	2403	441.18	2235
440.744	2436	441.378	2220
440.957	2454	441.594	2234
441.172	2421	441.796	2235
441.375	2439	442.009	2213
441.593	2454	442.231	2318
441.804	2456	442.426	2240
442.009	2454	442.64	2221
442.228	2448	442.868	2231
442.424	2492	443.076	2237
442.637	2483	443.277	2233
442.854	2477	443.49	2233
443.073	2449	443.718	2244
443.28	2472	443.918	2246
443.494	2505	444.135	2294
443.687	2477	444.325	2250
443.906	2459	444.525	2254
444.118	2408	444.738	2253
444.317	2420	444.974	2289
444.55	2485	445.185	2220
444.735	2452	445.403	2261
444.949	2425	445.601	2189
445.192	2391	445.788	2236
445.39	2464	446.007	2236
445.613	2428	446.205	2234
445.811	2471	446.442	2317
446.002	2438	446.662	2220
446.203	2493	446.835	2339
446.42	2481	447.059	2227
446.661	2472	447.282	2290
446.862	2446	447.499	2316
447.044	2435	447.702	2268
447.279	2477	447.888	2276
447.495	2473	448.12	2334
447.689	2424	448.331	2216
447.883	2446	448.555	2310
448.131	2434	448.77	2248
448.332	2464	448.967	2253
448.529	2417	449.153	2261
448.748	2486	449.356	2256
448.962	2496	449.581	2228
449.149	2480	449.791	2281
449.365	2488	450.017	2268
449.567	2473	450.233	2293
449.795	2454	450.426	2253
450.014	2525	450.622	2314
450.233	2499	450.84	2324
450.431	2517	451.04	2324
450.614	2499	451.272	2313
450.834	2545	451.456	2321
451.033	2538	451.704	2301
451.247	2537	451.904	2304
451.459	2504	452.132	2293
451.663	2526	452.336	2326
451.903	2507	452.548	2302
452.107	2520	452.717	2315
452.331	2538	452.933	2303
452.536	2558	453.136	2306
452.716	2551	453.356	2298
452.931	2541	453.569	2283
453.145	2500	453.768	2289
453.35	2483	454.016	2277
453.559	2584	454.213	2291
453.768	2504	454.425	2283
453.995	2538	454.644	2328
454.21	2502	454.848	2327
454.42	2547	455.058	2313
454.629	2544	455.268	2329
454.844	2552	455.451	2347
455.047	2511	455.669	2320
455.262	2553	455.865	2334
455.465	2526	456.082	2325
455.662	2356	456.299	2322
455.879	2560	456.498	2291
456.078	2563	456.715	2318
456.292	2529	456.941	2306
456.495	2507	457.156	2304
456.709	2503	457.361	2304
456.932	2510	457.574	2304
457.149	2510	457.789	2304
457.365	2511	458.005	2304
457.567	2509	458.176	2304
457.766	2510	458.396	2303
457.996	2509	458.619	2304
458.198	2509	458.822	2303
458.387	2509	459.051	2304
458.611	2512	459.226	2303
458.823	2509	459.462	2304
459.034	2511	459.66	2298
459.253	2514	459.879	2288
459.438	2510	460.085	2277
459.66	2501	460.311	2274
459.879	2510	460.493	2334
460.082	2502	460.725	2318
460.298	2524	460.952	2301
460.503	2503	461.158	2292
460.702	2524	461.368	2291
460.932	2493	461.57	2286
461.155	2490	461.773	2272
461.351	2512	461.966	2305
461.556	2521	462.175	2298
461.763	2506	462.376	2299
461.98	2532	462.623	2267
462.203	2518	462.805	2289
462.373	2536	463.007	2266
462.609	2517	463.226	2303
462.803	2514	463.447	2292
463.003	2505	463.646	2301
463.222	2529	463.861	2264
463.438	2535	464.058	2288
463.653	2537	464.276	1182
463.851	2531	464.476	2283
464.055	2500	464.69	2261
464.271	2539	464.912	2246
464.484	2541	465.106	2270
464.684	2510	465.355	2317
464.901	2561	465.546	2294
465.105	2563	465.737	2313
465.315	2562	465.959	2334
465.552	2578	466.157	2290
465.734	2579	466.374	2306
465.954	2565	466.591	2310
466.165	2584	466.788	2312
466.365	2547	467.005	2281
466.581	2532	467.206	2312
466.784	2532	467.416	2312
467.004	2540	467.655	2292
467.208	2480	467.87	2296
467.414	2552	468.097	2307
467.638	2548	468.306	2271
467.834	2539	468.517	2322
468.065	2524	468.704	2201
468.295	2540	468.922	2288
468.508	2558	469.135	2323
468.712	2536	469.326	2270
468.912	2567	469.515	2329
469.121	2515	469.729	2340
469.328	2540	469.964	2305
469.54	2543	470.166	2336
469.729	2600	470.394	2278
469.948	2589	470.596	2337
470.166	2586	470.801	2336
470.371	2566	470.987	2338
470.592	2481	471.215	2328
470.798	2531	471.424	2321
471.01	2416	471.631	2309
471.215	2246	471.83	2362
471.425	2540	472.035	2305
471.634	2688	472.252	2384
471.826	2606	472.47	2196
472.057	2680	472.667	2339
472.244	2638	472.918	2244
472.461	2678	473.127	2322
472.664	2660	473.333	2121
472.881	2608	473.55	2325
473.118	2621	473.739	2123
473.326	2650	473.959	2187
473.54	2600	474.138	2276
473.748	2656	474.346	2238
473.952	2633	474.566	484
474.164	2608	474.809	2115
474.344	2652	475.009	2198
474.57	2625	475.222	1843
474.789	2612	475.44	1957
475.007	2600	475.643	2166
475.189	2420	475.85	2093
475.421	2565	476.056	1788
475.642	2411	476.244	2155
475.848	2576	476.462	2113
476.052	2410	476.662	2240
476.239	2571	476.879	1750
476.457	2403	477.094	2113
476.659	2580	477.297	2206
476.877	2419	477.512	2237
477.092	2580	477.712	2259
477.292	2440	477.964	2250
477.509	2412	478.159	2257
477.725	2441	478.373	2257
477.943	2432	478.564	2325
478.151	2408	478.761	2368
478.379	2437	479.004	2370
478.554	2425	479.198	2373
478.766	2462	479.412	2086
478.97	2435	479.611	2317
479.201	2449	479.828	1829
479.416	2422	480.042	2363
479.62	2451	480.246	2168
479.824	2473	480.474	2056
480.023	2451	480.676	2120
480.246	2456	480.87	1800
480.473	2433	481.073	1993
480.689	2691	481.289	2228
480.872	2456	481.494	2276
481.069	2449	481.709	2375
481.286	2441	481.925	2125
481.505	2444	482.124	1928
481.705	2403	482.342	2025
481.916	2109	482.542	2205
482.12	2327	482.757	2222
482.336	2474	482.972	2272
482.553	2485	483.173	2191
482.75	2492	483.387	2448
482.966	2541	483.592	2198
483.185	2592	483.808	2384
483.38	2440	484.025	2392
483.598	2249	484.224	2390
483.8	2734	484.438	2385
484.016	2455	484.653	2406
484.221	2645	484.856	2412
484.432	2738	485.073	302
484.648	2605	485.292	2294
484.851	2642	485.487	2269
485.068	2530	485.699	2279
485.282	2646	485.937	2288
485.496	2526	486.152	2229
485.697	2527	486.36	2300
485.949	2484	486.548	2288
486.144	2472	486.767	2298
486.365	2508	486.981	2282
486.586	2486	487.195	2048
486.763	2510	487.397	2281
486.985	2507	487.625	2285
487.189	2501	487.797	2284
487.392	2497	488.016	314
487.594	2491	488.25	2014
487.823	2505	488.468	2339
488.008	2500	488.685	2318
488.246	2489	488.898	423
488.459	2497	489.097	2318
488.678	2541	489.313	2332
488.877	2538	489.527	1952
489.093	2556	489.724	2364
489.311	2544	489.948	328
489.527	2555	490.13	2313
489.72	2571	490.335	2276
489.918	2526	490.591	2313
490.165	2561	490.783	2274
490.347	2554	490.988	2285
490.55	2568	491.204	2265
490.787	2561	491.421	2302
490.995	2560	491.635	2274
491.207	2574	491.849	1724
491.425	2533	492.066	658
491.613	2572	492.275	2304
491.831	2554	492.448	2292
492.046	643	492.662	2299
492.259	2566	492.886	1953
492.456	2598	493.081	2251
492.661	2605	493.326	2314
492.873	2610	493.523	2309
493.077	2573	493.739	2339
493.29	2562	493.928	2313
493.528	2608	494.132	2326
493.73	2614	494.342	2303
493.931	2581	494.548	1380
494.144	2626	494.757	2352
494.36	2512	494.979	2343
494.554	1508	495.21	2342
494.775	2554	495.425	2344
494.967	2540	495.613	2343
495.176	2538	495.841	2344
495.407	2544	496.058	2343
495.618	2541	496.228	2344
495.84	2543	496.462	2343
496.032	2542	496.675	2344
496.238	2542	496.878	2343
496.437	2541	497.07	2343
496.664	2542	497.278	2342
496.883	2541	497.494	2343
497.097	2542	497.728	2344
497.275	2540	497.907	2342
497.501	2541	524.124	2300
497.721	2541	524.285	2298
497.906	2541	524.481	2299
498.119	2541	524.741	2312
524.132	2486	524.951	2308
524.288	2486	525.117	2214
524.482	2486	525.329	2181
524.71	2482	525.535	2273
524.938	2489	525.75	1239
525.109	2432	525.968	2246
525.331	1721	526.168	2195
525.53	2396	526.41	2289
525.757	519	526.6	2310
525.964	2187	526.843	2278
526.187	2391	527.045	2315
526.395	2419	527.236	2308
526.595	332	527.449	2257
526.824	2465	527.65	2198
527.036	1164	527.868	2189
527.236	1518	528.099	2284
527.443	414	528.3	2248
527.648	2165	528.497	2270
527.86	2438	528.713	2422
528.079	462	528.931	2305
528.297	2492	529.132	2187
528.494	2498	529.347	2237
528.712	2056	529.569	2274
528.916	2576	529.761	2319
529.13	296	530.001	2320
529.343	2358	530.222	2238
529.56	2371	530.421	2322
529.759	2258	530.645	2312
529.973	2419	530.838	2322
530.186	2440	531.041	2317
530.42	2480	531.254	2315
530.621	2508	531.472	2316
530.838	2501	531.668	2370
531.035	2503	531.865	2260
531.249	2502	532.072	2312
531.464	2503	532.299	2245
531.677	2502	532.495	2274
531.873	2460	532.734	2294
532.069	2425	532.914	2324
532.294	2483	533.149	2326
532.491	2436	533.352	2225
532.708	2458	533.548	2247
532.929	2446	533.778	2231
533.147	2288	533.979	2269
533.338	2416	534.172	2425
533.54	2403	534.431	2150
533.768	2403	534.619	2336
533.979	2409	534.829	2263
534.171	2417	535.041	2311
534.388	2396	535.263	2301
534.639	2465	535.47	2302
534.819	2452	535.674	2302
535.035	2490	535.854	2301
535.247	2542	536.089	2304
535.455	2546	536.301	2304
535.668	2548	536.483	2329
535.879	2542	536.691	2316
536.095	2547	536.928	2323
536.307	2541	537.152	2319
536.5	2538	537.353	2301
536.696	2542	537.547	2311
536.917	2543	537.756	2308
537.135	2532	537.955	2304
537.344	2563	538.173	2303
537.553	2537	538.373	2321
537.747	2569	538.59	2304
537.952	2543	538.801	2313
538.166	2558	539.002	2313
538.383	2550	539.22	2317
538.581	2564	539.452	2311
538.8	2572	539.64	2279
538.999	2558	539.88	2342
539.213	2563	540.081	2305
539.427	2552	540.277	2322
539.654	2532	540.472	2272
539.857	2554	540.686	2238
540.049	2568	540.907	2274
540.289	2544	541.101	2272
540.482	2530	541.352	2299
540.68	2514	541.576	2311
540.9	2510	541.766	2314
541.1	2556	541.962	2277
541.316	2512	542.182	2237
541.559	2547	542.39	2217
541.754	2549	542.604	2285
541.96	2530	542.804	2270
542.169	2572	543.02	2280
542.392	2479	543.229	2268
542.608	2534	543.412	2246
542.798	2533	543.636	2260
543.026	2510	543.833	2264
543.224	2555	544.052	2262
543.41	2538	544.294	2260
543.62	2501	544.499	2281
543.831	2523	544.717	2280
544.049	2498	544.927	2270
544.277	2508	545.122	2291
544.48	2553	545.315	2268
544.695	2519	545.52	2291
544.907	2490	545.726	2299
545.124	2505	545.962	2306
545.324	2532	546.155	2320
545.52	2538	546.367	2345
545.721	2583	546.564	2317
545.943	2560	546.78	2299
546.155	2530	547.004	2322
546.363	2549	547.195	2355
546.593	2559	547.414	2336
546.779	2570	547.641	2272
546.986	2551	547.831	2340
547.214	2537	548.032	2282
547.403	2531	548.264	2278
547.612	2560	548.49	2302
547.838	2549	548.698	2278
548.039	2521	548.911	2274
548.259	2528	549.114	2306
548.471	2518	549.326	2320
548.704	2501	549.55	2317
548.89	2540	549.743	2292
549.105	2498	549.943	2254
549.328	2539	550.138	2330
549.522	2516	550.342	2292
549.74	2532	550.559	2336
549.945	2537	550.776	2343
550.145	2515	550.977	2368
550.341	2541	551.194	2323
550.556	2512	551.393	2306
550.771	2489	551.608	2300
550.971	2538	551.827	2320
551.19	1936	552.024	2320
551.403	2489	552.239	2314
551.602	2525	552.443	2308
551.824	2573	552.677	2306
552.021	2512	552.875	2285
552.242	2512	553.075	2302
552.451	2565	553.309	2338
552.655	2569	553.511	2301
552.885	2532	553.734	2328
553.071	2579	553.937	2364
553.282	2582	554.144	2324
553.506	2564	554.359	2312
553.704	2510	554.542	2347
553.944	2580	554.752	2325
554.136	2550	554.987	2322
554.338	2582	555.213	2376
554.553	2562	555.424	1791
554.75	2520	555.636	2390
554.988	2542	555.837	2322
555.209	2493	556.022	2247
555.417	2587	556.223	2333
555.629	2616	556.439	2370
555.832	2654	556.655	2361
556.018	2505	556.88	2363
556.232	2520	557.065	2364
556.433	2587	557.317	2364
556.649	2592	557.483	2364
556.851	2588	557.705	2364
557.062	2588	557.904	2365
557.278	2588	558.134	2363
557.484	2588	558.366	2364
557.739	2587	558.581	2363
557.901	2588	658.756	2344
558.119	2587	658.976	2344
558.331	2589	659.177	2344
558.562	2588	659.392	2352
558.773	2588	659.615	2304
658.756	2584	659.807	2257
658.965	2584	660.026	2257
659.196	2584	660.227	2297
659.386	2584	660.439	2291
659.601	2556	660.657	2292
659.805	2509	660.858	2292
660.018	2504	661.072	2285
660.233	2475	661.29	2292
660.434	2526	661.492	2233
660.655	2544	661.707	2218
660.855	2546	661.907	2230
661.068	2527	662.123	2218
661.283	2509	662.341	2224
661.485	2517	662.54	2272
661.702	2504	662.761	2312
661.917	2552	662.991	2330
662.115	2486	663.167	2347
662.339	2569	663.423	2318
662.536	2537	663.606	2329
662.752	2592	663.823	2334
662.976	2551	664.039	2344
663.21	2602	664.248	2349
663.384	2608	664.467	2326
663.615	2598	664.661	2336
663.818	2598	664.854	2328
664.04	2587	665.059	2352
664.214	2596	665.271	2351
664.445	2601	665.483	2261
664.661	2583	665.687	2249
664.873	2597	665.916	2339
665.069	2590	666.116	2299
665.268	2592	666.321	2275
665.506	2589	666.553	2221
665.698	2611	666.754	2266
665.915	2601	666.952	2304
666.139	2406	667.168	2224
666.315	2585	667.367	2341
666.554	2538	667.579	2291
666.77	2580	667.801	2317
666.963	2548	667.996	2294
667.158	2553	668.252	2265
667.364	2506	668.473	2285
667.578	2577	668.66	2261
667.801	2560	668.867	2277
667.996	2550	669.094	2276
668.24	2509	669.299	2271
668.469	2554	669.508	2296
668.657	2548	669.724	2293
668.875	2541	669.932	2302
669.09	2560	670.098	2303
669.283	2532	670.31	2305
669.497	2125	670.552	2301
669.696	2548	670.759	2214
669.924	2616	670.944	2304
670.136	2560	671.164	2301
670.313	2595	671.379	2316
670.548	2556	671.598	2325
670.757	343	671.798	2301
670.965	1647	672.012	2299
671.158	338	672.216	2288
671.375	2530	672.424	2294
671.591	349	672.646	2304
671.792	2533	672.849	2293
672.006	2534	673.058	2212
672.213	2533	673.307	2285
672.423	2556	673.509	2308
672.633	2504	673.718	2209
672.842	2517	673.922	2353
673.059	2525	674.116	2244
673.301	2395	674.346	2228
673.51	2388	674.53	2163
673.71	2323	674.744	2244
673.915	2416	674.945	2252
674.123	2049	675.159	2227
674.326	2307	675.378	2221
674.534	2412	675.579	2221
674.739	2410	675.793	2190
674.942	2395	675.995	2190
675.155	2382	676.208	2132
675.372	2332	676.427	2270
675.573	2326	676.628	2063
675.784	2316	676.843	2167
676.003	2317	677.044	2244
676.207	2288	677.289	2256
676.42	2244	677.498	2180
676.623	2257	677.681	2187
676.837	2283	677.898	2292
677.051	2209	678.118	2373
677.252	2398	678.32	2292
677.486	2425	678.526	2203
677.686	2400	678.725	2234
677.884	2391	678.942	2226
678.105	2523	679.149	2277
678.319	2512	679.355	2328
678.515	2472	679.604	2333
678.736	2438	679.808	2274
678.937	2433	680.031	2249
679.154	2395	680.233	2332
679.353	2421	680.424	2334
679.562	2438	680.639	2289
679.815	2470	680.846	2310
680.019	2504	681.069	2312
680.237	1369	681.274	2302
680.437	2515	681.454	2339
680.62	2491	681.665	2286
680.832	2323	681.891	2304
681.035	2483	682.124	2208
681.262	2484	682.333	2188
681.466	2293	682.531	2304
681.663	2433	682.765	2386
681.875	2226	682.956	2256
682.087	2613	683.149	2414
682.3	2406	683.373	2588
682.545	421	683.582	2281
682.73	2475	683.77	2278
682.957	2415	683.98	2350
683.166	2515	684.204	2313
683.385	2354	684.401	2210
683.588	2480	684.621	2286
683.796	2406	684.82	2304
683.978	2485	685.036	2220
684.195	2427	685.252	2296
684.399	2438	685.452	2277
684.612	2444	685.661	2277
684.831	2428	685.881	2416
685.03	2434	686.084	2415
685.241	2468	686.301	2427
685.448	2401	686.545	2310
685.661	2468	686.753	2296
685.878	2396	686.94	2402
686.081	2436	687.133	2411
686.296	2566	687.382	2397
686.528	2448	687.583	2522
686.747	2410	687.766	2315
686.947	2424	687.983	2320
687.153	2355	688.191	2289
687.358	2437	688.396	2461
687.574	2454	688.612	2331
687.784	2498	688.837	2372
687.994	2592	689.032	2391
688.179	2426	689.231	2204
688.409	2473	689.475	2293
688.611	2363	689.67	2208
688.837	2451	689.865	2374
689.026	2416	690.091	2448
689.242	2575	690.3	2437
689.443	2419	690.541	2436
689.659	2451	690.715	2435
689.859	2573	690.911	2435
690.076	2737	691.147	2435
690.297	2522	691.333	2434
690.502	2524	691.545	2434
690.714	2524	691.764	2435
690.908	2525	691.963	2435
691.146	2524	692.175	2435
691.34	2524	692.38	2435
691.538	2523	692.595	2434
691.754	2524	692.842	2434
691.958	2523	693.037	2434
692.171	2524	693.225	2434
692.386	2523	693.437	2434
692.589	2525	693.641	2434
692.802	2524	693.86	2434
693.036	2524	694.061	2434
693.218	2524	694.276	2435
693.434	2524	694.545	2434
693.64	2524	694.691	2436
693.851	2524	694.908	2434
694.073	2524	695.111	2435
694.294	2525	695.323	2434
694.489	2524	695.537	2435
694.689	2525	695.791	2434
694.904	2525	695.984	2435
695.122	2525	696.199	2435
695.318	2525	733.17	2324
695.534	2524	733.408	2322
695.802	2524	733.589	2320
695.988	2525	733.811	2324
696.187	2525	734.025	2284
733.168	2575	734.221	2293
733.38	2574	734.439	2295
733.599	2574	734.64	2296
733.802	2572	734.852	2291
734.02	2571	735.093	2297
734.217	2582	735.292	2305
734.432	2521	735.5	2342
734.645	2525	735.689	2322
734.846	2552	735.925	2384
735.062	2572	736.119	2352
735.295	2522	736.321	2296
735.489	2551	736.555	2320
735.702	2498	736.771	2399
735.899	2551	736.948	2249
736.112	2577	737.168	2329
736.317	2496	737.409	2324
736.534	2536	737.6	2339
736.753	2589	737.821	2277
736.946	2457	738.018	2339
737.162	2484	738.249	2259
737.367	2560	738.421	2235
737.612	2526	738.667	2103
737.813	2584	738.866	2205
738.023	2528	739.057	2315
738.216	2511	739.269	2277
738.434	2488	739.469	2136
738.672	2528	739.707	2036
738.857	2443	739.91	2240
739.062	2459	740.115	2177
739.271	2130	740.325	2350
739.467	2261	740.54	2339
739.678	2273	740.761	2316
739.898	2165	740.95	2145
740.12	1884	741.151	2193
740.312	2256	741.365	2164
740.533	2468	741.6	2159
740.748	2494	741.783	2414
740.96	2430	742.006	2173
741.161	2417	742.225	2363
741.361	2298	742.447	2582
741.572	2360	742.659	2228
741.776	2473	742.863	2358
741.992	2425	743.061	2330
742.215	2454	743.249	1926
742.451	2506	743.464	2203
742.636	2680	743.678	2272
742.855	2471	743.88	2265
743.054	2435	744.09	2266
743.26	2468	744.313	2245
743.458	2408	744.514	2274
743.673	2350	744.726	2314
743.877	2417	744.929	2305
744.088	2434	745.139	2283
744.308	2395	745.379	2262
744.506	2422	745.563	2275
744.724	2457	745.778	2284
744.94	2377	745.979	2297
745.143	2449	746.215	2328
745.358	2450	746.404	2334
745.559	2403	746.632	2320
745.775	2486	746.845	2253
745.99	2448	747.059	2322
746.192	2429	747.239	2280
746.403	2424	747.462	2368
746.63	2451	747.66	2338
746.826	2421	747.87	2335
747.04	2422	748.095	2345
747.252	2448	748.288	2326
747.455	2467	748.505	2308
747.656	2407	748.708	2316
747.872	2440	748.964	2362
748.089	2484	749.165	2304
748.288	2362	749.368	2376
748.504	2426	749.574	2266
748.706	2510	749.777	2326
748.961	2454	749.995	2120
749.172	2507	750.187	2210
749.376	2464	750.392	1936
749.569	2379	750.607	1950
749.785	2374	750.826	2110
749.973	2364	751.018	2024
750.187	2355	751.243	1916
750.388	2306	751.439	2338
750.6	2336	751.656	2114
750.821	2499	751.875	2290
751.016	2186	752.069	2217
751.23	2418	752.297	2292
751.455	2379	752.5	2381
751.653	2388	752.702	2209
751.868	2446	752.948	2323
752.068	2421	753.118	2204
752.28	2385	753.329	2290
752.498	2364	753.585	2287
752.7	2397	753.748	2302
752.93	2448	753.987	2389
753.148	2425	754.199	2262
753.333	2436	754.396	2365
753.547	2455	754.616	2436
753.807	2566	754.804	2278
753.977	2570	755.024	2396
754.193	2482	755.263	2240
754.412	2465	755.437	2364
754.599	2418	755.639	2332
754.815	2437	755.868	2400
755.024	2528	756.092	2293
755.233	2398	756.293	2299
755.433	2437	756.498	2246
755.644	2395	756.729	2282
755.875	2469	756.901	2331
756.08	2074	757.118	2364
756.289	2514	757.337	2368
756.485	2523	757.535	2296
756.706	2290	757.741	2426
756.896	2479	757.949	2288
757.115	2562	758.165	2260
757.329	2567	758.368	2343
757.548	2567	758.582	2286
757.741	2531	758.802	2395
757.947	2522	759.001	2301
758.158	2530	759.235	2378
758.378	2497	759.434	2396
758.58	2493	759.629	2288
758.794	2547	759.86	2370
758.997	2561	760.049	2119
759.21	2539	760.295	2080
759.425	2533	760.473	2214
759.627	2472	760.709	2141
759.845	2549	760.907	2317
760.059	2361	761.127	2283
760.256	2213	761.341	2203
760.494	2329	761.522	2266
760.707	2331	761.763	2337
760.915	2451	761.97	2260
761.138	2481	762.176	2364
761.334	2460	762.36	2310
761.544	2443	762.599	2371
761.728	2538	762.834	2286
761.957	2486	763.024	2362
762.156	2533	763.228	2101
762.361	2504	763.427	2018
762.569	2467	763.655	2210
762.808	2480	763.829	2092
763.021	2472	764.046	2416
763.22	2387	764.292	2318
763.435	2292	764.487	2350
763.64	2267	764.681	2329
763.852	2205	764.879	2369
764.039	2500	765.122	2345
764.251	2539	765.324	2392
764.48	2549	765.529	2336
764.667	2540	765.722	2331
764.887	2588	765.949	2361
765.087	2546	766.176	2240
765.308	2452	766.374	2332
765.519	2492	766.588	2393
765.727	2498	766.794	2354
765.951	2494	766.991	2408
766.165	2483	767.192	2288
766.366	2496	767.406	1981
766.579	2455	767.609	2384
766.789	2462	767.827	2374
767	2581	768.044	2378
767.186	2582	768.239	2376
767.404	1993	768.456	2376
767.617	2523	768.7	2376
767.817	2620	768.889	2376
768.034	2618	769.082	2375
768.236	2618	769.288	2376
768.453	2619
768.7	2618
768.906	2619
769.102	2617
769.286	2618
769.501	2617