sep=	
time (source1)	data.0	data.1	
0	811	2334	
0.165	811	2335	
0.331	810	2333	
0.497	810	2334	
0.665	810	2333	
0.846	811	2336	
1.009	811	2335	
1.189	810	2334	
1.338	811	2334	
1.513	810	2334	
1.697	811	2334	
1.841	811	2335	
2.027	810	2335	
2.18	811	2333	
2.358	811	2334	
2.532	811	2336	
2.68	811	2336	
2.849	810	2334	
3.02	811	2333	
3.2	811	2334	
3.359	810	2334	
3.539	811	2335	
3.697	810	2334	
3.861	810	2333	
4.026	811	2334	
4.205	811	2335	
4.367	811	2334	
4.529	811	2334	
4.72	811	2334	
4.865	810	2334	
5.033	811	2334	
5.203	811	2336	
5.377	811	2334	
5.543	810	2333	
5.709	811	2334	
5.873	811	2334	
6.042	811	2334	
6.211	811	2333	
6.378	811	2334	
6.546	811	2334	
6.714	811	2335	
6.882	812	2334	
7.055	811	2334	
7.218	811	2333	
7.385	811	2333	
7.553	811	2334	
7.732	811	2334	
7.904	811	2333	
8.06	811	2333	
8.226	811	2334	
8.412	812	2333	
8.561	811	2333	
8.732	811	2334	
8.905	811	2333	
9.084	811	2333	
9.232	811	2334	
9.414	811	2335	
9.569	810	2334	
9.737	811	2333	
9.919	811	2333	
10.073	811	2334	
10.251	811	2334	
10.411	811	2334	
10.581	811	2333	
10.765	811	2333	
10.922	811	2334	
11.081	811	2334	
11.261	811	2332	
11.435	811	2333	
11.596	811	2333	
11.755	811	2335	
11.921	811	2335	
12.089	811	2333	
12.267	811	2334	
12.429	810	2333	
12.601	811	2334	
12.769	811	2334	
12.934	811	2333	
13.104	811	2333	
13.267	811	2333	
13.435	811	2332	
13.603	811	2334	
13.771	811	2332	
13.939	811	2332	
14.106	813	2333	
14.273	811	2334	
14.444	811	2333	
14.612	811	2333	
14.783	811	2333	
14.95	811	2332	
15.118	811	2334	
15.286	811	2334	
15.451	811	2334	
15.618	811	2333	
15.786	811	2334	
15.954	811	2335	
16.135	811	2334	
16.299	811	2334	
16.459	811	2333	
16.628	811	2334	
16.795	811	2334	
16.983	811	2335	
17.136	811	2333	
17.301	811	2334	
17.496	811	2333	
17.638	450	2294	
17.798	2627	2462	
17.967	2627	2466	
18.132	2566	2439	
18.283	2585	2454	
18.448	2535	2390	
18.618	2593	2421	
18.768	2551	2429	
18.931	2519	2411	
19.093	2555	2371	
19.284	2505	2412	
19.432	2532	2430	
19.599	2550	2398	
19.746	2502	2421	
19.916	2542	2426	
20.069	2524	2398	
20.258	2480	2436	
20.401	2525	2420	
20.563	2540	2380	
20.715	2521	2432	
20.888	2570	2415	
21.064	2521	2374	
21.198	2534	2442	
21.365	2554	2424	
21.525	2557	2392	
21.696	2515	2428	
21.864	2552	2468	
22.016	2535	2420	
22.198	2500	2434	
22.339	2521	2410	
22.532	2496	2448	
22.687	2534	2416	
22.845	2509	2386	
23.004	2496	2419	
23.142	2560	2433	
23.31	2543	2385	
23.466	2510	2428	
23.629	2561	2437	
23.795	2553	2424	
23.964	2515	2410	
24.117	2553	2444	
24.296	2537	2416	
24.447	2504	2396	
24.613	2552	2430	
24.776	2526	2424	
24.927	2490	2429	
25.089	2536	2411	
25.259	2572	2473	
25.411	2520	2418	
25.594	2549	2443	
25.748	2576	2432	
25.896	2541	2422	
26.06	2578	2416	
26.228	2602	2452	
26.409	2572	2421	
26.561	2566	2435	
26.712	2584	2448	
26.871	2528	2418	
27.067	2584	2427	
27.216	2593	2474	
27.356	2592	2472	
27.523	2576	2476	
27.692	2520	2409	
27.843	2550	2456	
28.03	2586	2406	
28.177	2409	2460	
28.326	2588	2544	
28.49	2557	2391	
28.657	2611	2517	
28.814	2519	2446	
28.998	2615	2412	
29.145	2532	2317	
29.311	2418	2236	
29.469	2457	2376	
29.625	2667	2576	
29.796	2643	2421	
29.963	2504	2198	
30.123	2449	2374	
30.27	2631	2520	
30.452	2645	2434	
30.601	2485	2364	
30.756	2488	2389	
30.92	2643	2461	
31.114	622	568	
31.278	2484	2314	
31.441	2462	2432	
31.605	2686	2434	
31.757	2120	2043	
31.907	2503	2469	
32.084	2444	2342	
32.253	2624	2487	
32.4	2444	2277	
32.586	2447	2332	
32.745	2460	2333	
32.881	2496	2316	
33.036	2504	2331	
33.207	2550	2420	
33.371	1319	1223	
33.543	2492	2360	
33.685	2467	2291	
33.871	2510	2432	
34.019	2440	2355	
34.193	2441	2220	
34.367	2504	2330	
34.529	2529	2406	
34.682	2513	2366	
34.857	2445	2272	
35.006	2471	2331	
35.147	2526	2454	
35.304	2524	2392	
35.468	2522	2390	
35.634	2521	2384	
35.803	2528	2397	
35.966	2517	2378	
36.141	2508	2388	
36.28	2499	2396	
36.462	2509	2385	
36.627	2507	2370	
36.768	2487	2357	
36.963	2470	2339	
37.124	2451	2359	
37.253	2491	2371	
37.415	2489	2339	
37.583	2452	2331	
37.734	2498	2379	
37.898	2500	2384	
38.064	2498	2382	
38.231	2498	2382	
38.407	2498	2384	
38.547	2497	2381	
38.736	2497	2382	
38.887	2498	2383	
39.031	2504	2369	
39.208	2498	2363	
39.362	2507	2355	
39.517	2496	2373	
39.705	2480	2358	
39.841	2484	2368	
40.013	2489	2375	
40.193	2488	2377	
40.348	2487	2372	
40.516	2488	2378	
40.661	2486	2371	
40.812	2487	2376	
40.977	2489	2374	
41.144	2489	2376	
41.298	2486	2376	
41.495	2498	2362	
41.643	2470	2364	
41.797	2469	2386	
41.973	2484	2387	
42.109	2540	2388	
42.271	2446	2371	
42.453	2512	2364	
42.611	2494	2309	
42.766	2481	2395	
42.929	2427	2300	
43.092	2456	2280	
43.263	2435	2316	
43.432	2505	2300	
43.578	2501	2371	
43.751	2466	2266	
43.893	2435	2288	
44.057	2428	2268	
44.226	1971	1827	
44.39	480	401	
44.558	2491	2292	
44.75	2516	2376	
44.896	2499	2368	
45.065	2499	2366	
45.218	2499	2355	
45.377	2499	2357	
45.545	2499	2358	
45.707	2498	2356	
45.863	2496	2357	
46.038	2491	2359	
46.199	2494	2376	
46.364	2538	2387	
46.507	2554	2432	
46.656	2478	2310	
46.819	2462	2330	
46.985	2544	2408	
47.142	2530	2414	
47.305	2468	2357	
47.47	2472	2312	
47.629	2539	2408	
47.815	2469	2326	
47.956	2462	2352	
48.132	2507	2364	
48.292	2486	2342	
48.473	2513	2401	
48.606	2496	2356	
48.769	2489	2362	
48.947	2498	2374	
49.086	2480	2355	
49.255	2488	2362	
49.427	2533	2397	
49.572	2522	2395	
49.755	2521	2396	
49.899	2521	2396	
50.06	2520	2395	
50.22	2520	2394	
50.419	2522	2395	
50.573	2520	2394	
50.733	2520	2394	
50.903	2522	2395	
51.049	2522	2394	
51.195	2520	2394	
51.354	2521	2395	
51.516	2522	2395	
51.692	2521	2394	
51.86	2520	2394	
75.445	2582	2440	
75.625	2582	2439	
75.765	2583	2440	
75.942	2581	2440	
76.093	2582	2440	
76.271	2582	2440	
76.459	2583	2440	
76.582	2582	2438	
76.741	2582	2439	
76.897	2612	2462	
77.08	2601	2474	
77.231	2582	2456	
77.396	2569	2482	
77.544	2599	2464	
77.715	2544	2434	
77.879	2598	2464	
78.045	2582	2436	
78.194	2540	2370	
78.362	2580	2424	
78.523	2509	2373	
78.678	2573	2411	
78.843	2551	2350	
79.004	2521	2387	
79.173	2566	2375	
79.327	2537	2355	
79.511	2505	2329	
79.662	2514	1668	
79.827	2517	2350	
79.98	2514	2395	
80.146	2563	2400	
80.311	2515	2350	
80.483	2517	2350	
80.628	2518	2341	
80.793	2502	2379	
80.957	2576	2386	
81.126	2544	2386	
81.286	2539	2375	
81.436	2570	2418	
81.593	2555	2388	
81.774	2510	2374	
81.923	2547	2383	
82.086	2513	2392	
82.243	2538	2432	
82.405	2530	2384	
82.57	2499	2360	
82.73	2536	2407	
82.892	2500	2144	
83.053	2534	2386	
83.239	2526	2386	
83.395	2465	2312	
83.539	2488	2370	
83.7	2515	2384	
83.864	2439	2296	
84.048	2505	2374	
84.21	2510	2356	
84.366	2439	2328	
84.531	2489	2355	
84.684	2509	2380	
84.841	2447	2327	
85.028	2496	2346	
85.176	2492	2342	
85.321	2457	2309	
85.483	2502	2400	
85.658	2476	2356	
85.829	2531	2345	
85.967	2511	2392	
86.135	2502	2360	
86.321	1086	764	
86.488	2525	2377	
86.66	2524	2388	
86.827	2434	494	
86.996	2496	2324	
87.143	2520	2403	
87.305	2532	2384	
87.464	2420	384	
87.631	2513	2382	
87.783	2520	2375	
87.958	1895	508	
88.127	2538	2403	
88.262	2560	2466	
88.431	2560	2473	
88.601	2558	2470	
88.748	2556	2469	
88.915	2556	2469	
89.097	2557	2469	
89.271	2554	2468	
89.429	2555	2468	
89.58	2555	2467	
89.762	2555	2466	
89.917	2554	2463	
90.053	2554	2467	
90.219	2553	2465	
90.373	2555	2465	
90.53	2555	2465	
90.694	2555	2466	
90.853	2554	2464	
91.015	2554	2465	
91.181	2554	2466	
91.349	2553	2464	
126.092	3808	3809	
126.263	3808	3809	
126.415	3808	3809	
126.584	3808	3809	
126.745	3808	3809	
126.901	3808	3809	
127.063	3808	3809	
127.227	3808	3809	
127.393	3808	3808	
127.549	3803	3800	
127.713	3802	3799	
127.878	3804	3803	
128.034	3804	3811	
128.196	3797	3815	
128.367	3805	3816	
128.545	3804	3812	
128.72	3806	3817	
128.846	3809	3826	
129.018	3804	3813	
129.188	3802	3811	
129.33	3805	3814	
129.493	3806	3816	
129.666	3812	3816	
129.832	3816	3821	
129.979	3816	3827	
130.162	3817	3830	
130.308	3820	3828	
130.463	3817	3827	
130.652	3819	3830	
130.789	3822	3825	
130.964	3815	3824	
131.116	3816	3827	
131.276	3816	3820	
131.447	3808	3813	
131.599	3813	3817	
131.765	3809	3809	
131.93	3804	3808	
132.098	3809	3809	
132.247	3808	3808	
132.408	3800	3799	
132.572	3808	3806	
132.744	3809	3805	
132.912	3802	3800	
133.063	3810	3808	
133.236	3808	3806	
133.406	3800	3796	
133.544	3811	3805	
133.71	3809	3804	
133.902	3802	3797	
134.029	3811	3800	
134.22	3808	3806	
134.36	3808	3812	
134.526	3810	3804	
134.697	3803	3802	
134.84	3802	3801	
135.002	3806	3805	
135.166	3801	3805	
135.337	3801	3806	
135.495	3788	3784	
135.658	3788	3787	
135.812	3810	3829	
135.976	3795	3796	
136.145	3793	3783	
136.308	3757	3794	
136.459	3797	3799	
136.647	3795	3789	
136.787	3799	3805	
136.953	3796	3798	
137.106	3798	3792	
137.268	3796	3809	
137.439	3801	3814	
137.603	3808	3808	
137.756	3794	3780	
137.924	3794	3796	
138.084	3791	3816	
138.256	3800	3800	
138.427	3794	3780	
138.573	3795	3795	
138.762	3794	3794	
138.916	3794	3769	
139.057	3794	3793	
139.227	3804	3809	
139.381	3803	3785	
139.537	3792	3774	
139.726	3796	3800	
139.885	3809	3808	
140.047	3412	3166	
140.203	3800	3794	
140.372	3808	3808	
140.525	3796	3764	
140.671	3795	3788	
140.848	3805	3801	
141.001	3795	3752	
141.166	3793	3771	
141.323	3178	3137	
141.484	3803	3788	
141.658	3783	3733	
141.804	3794	3776	
141.967	3818	3819	
142.14	3804	3787	
142.348	3787	3744	
142.478	3797	3789	
142.637	3813	3808	
142.799	3787	3732	
142.952	3801	3785	
143.116	3812	3804	
143.263	3819	3809	
143.447	3817	3806	
143.6	3802	3799	
143.75	3781	3788	
143.915	3768	3787	
144.082	3763	3780	
144.234	3764	3761	
144.429	3751	3668	
144.578	3756	3672	
144.741	3783	3774	
144.907	3786	3780	
145.049	3778	3751	
145.219	3780	3788	
145.388	3778	3792	
145.564	3780	3752	
145.723	3784	3785	
145.874	3780	3792	
146.017	3766	3693	
146.178	3782	3777	
146.35	3782	3786	
146.508	3769	3706	
146.694	3787	3777	
146.831	3841	3784	
146.996	3781	3788	
147.151	3777	3784	
147.313	3774	3779	
147.478	1183	1059	
147.645	3784	3765	
147.798	3785	3774	
147.962	3782	3771	
148.128	3790	3767	
148.294	3792	3772	
148.446	3786	3800	
148.612	3788	3796	
148.773	3780	3749	
148.933	3744	3612	
149.095	3782	3786	
149.266	3782	3784	
149.432	3761	3701	
149.598	3772	3750	
149.748	3781	3788	
149.908	3774	3710	
150.082	3782	3790	
150.23	3782	3760	
150.395	3777	3728	
150.563	3781	3794	
150.715	3783	3767	
150.889	3783	3750	
151.044	3784	3799	
151.211	3789	3789	
151.387	3784	3767	
151.551	3786	3804	
151.722	3794	3795	
151.878	3798	3781	
152.044	3788	3801	
152.172	3792	3794	
152.35	3782	3745	
152.511	3774	3774	
152.673	3728	3593	
152.846	3725	3096	
152.992	3025	2112	
153.158	2328	2115	
153.305	1671	1309	
153.468	1698	1511	
153.644	1785	1639	
153.816	1248	1078	
153.973	982	454	
154.167	979	831	
154.326	1136	1031	
154.49	1340	1153	
154.654	906	770	
154.842	512	621	
155.008	918	824	
155.175	1059	878	
155.322	1121	736	
155.492	1141	999	
155.653	1155	1020	
155.814	1094	1007	
155.998	1183	1094	
156.179	1182	1029	
156.312	577	304	
156.508	1048	700	
156.667	1176	1011	
156.837	918	200	
157.009	1170	967	
157.172	1114	963	
157.345	1110	977	
157.49	1150	881	
157.677	1035	953	
157.831	1066	995	
158	1159	976	
158.166	1161	974	
158.333	1164	973	
158.498	1181	984	
158.665	1168	972	
158.833	1169	981	
159.02	1168	977	
159.186	1159	969	
159.336	1167	972	
159.547	1156	994	
159.698	1139	976	
159.866	1143	976	
160.045	1143	976	
160.177	1139	971	
160.347	1137	961	
160.558	1137	964	
160.72	1146	971	
160.862	1144	971	
161.033	1141	973	
161.185	1140	975	
161.377	1147	982	
161.53	1165	984	
161.699	1200	982	
161.866	1189	972	
162.034	1193	965	
162.202	1187	966	
162.394	1155	941	
162.527	1139	916	
162.696	1146	915	
162.866	1120	883	
163.057	1149	936	
163.199	1214	1063	
163.362	1152	860	
163.534	1159	890	
163.7	1229	999	
163.866	1178	896	
164.047	1113	879	
164.215	1223	912	
164.375	1296	843	
164.549	1219	916	
164.71	1209	1100	
164.877	1264	873	
165.044	1294	862	
165.209	1208	950	
165.402	1227	919	
165.561	1441	997	
165.714	1426	874	
165.876	1472	855	
166.048	1381	882	
166.213	1296	912	
166.375	1347	1075	
166.548	1391	1299	
166.713	1661	1599	
166.861	1664	1393	
167.029	1481	1165	
167.19	1306	1021	
167.346	1297	1008	
167.532	1433	948	
167.697	1365	960	
167.862	1385	1191	
168.029	1333	1045	
168.201	1440	946	
168.372	1400	1067	
168.518	1389	1071	
168.674	1443	1110	
168.842	1415	1096	
168.991	1420	1098	
169.159	1408	1089	
169.327	1426	1106	
169.472	1381	1072	
169.635	1416	1096	
169.811	1446	1121	
169.971	1418	1108	
170.136	1394	1092	
170.298	1379	1073	
170.47	1391	1094	
170.634	1354	1068	
170.788	1354	1070	
170.95	1420	1151	
171.114	1358	1138	
171.268	1369	1170	
171.43	1339	1129	
171.589	1291	978	
171.744	1436	1158	
171.906	1637	1659	
172.075	1759	1660	
172.238	2099	1724	
172.403	2210	1963	
172.559	1724	1842	
172.737	3543	3508	
172.905	3785	3790	
173.041	1449	1244	
173.205	1435	1283	
173.392	2667	2551	
173.554	3294	2908	
173.705	3250	2843	
173.89	3490	3275	
174.015	3278	3396	
174.173	3782	3725	
174.337	3795	3796	
174.5	3232	2828	
174.67	2490	2064	
174.824	2200	1824	
174.995	1955	1638	
175.153	2074	1751	
175.315	2102	1792	
175.47	1932	1662	
175.634	2153	1871	
175.81	2108	1802	
175.986	2122	1820	
176.14	2389	2029	
176.282	2513	2301	
176.446	3436	3210	
176.62	2689	2580	
176.79	2888	2806	
176.936	3648	3627	
177.091	3608	3461	
177.252	3124	2988	
177.435	2790	2900	
177.581	3150	3054	
177.753	3376	3226	
177.903	3413	3296	
178.085	3461	3390	
178.231	3537	3434	
178.399	3564	3468	
178.548	3493	3384	
178.713	3547	3456	
178.883	3556	3471	
179.073	3787	3707	
179.224	3828	3748	
179.404	950	829	
179.551	1647	1508	
179.722	3369	3209	
179.881	3763	3745	
180.041	3496	3253	
180.203	3285	3132	
180.371	3768	3735	
180.521	3806	3804	
180.688	3812	3808	
180.828	3794	3726	
180.996	3796	3778	
181.154	3808	3806	
181.318	3804	3762	
181.496	3796	3754	
181.659	3824	3818	
181.812	3821	3808	
181.979	3811	3762	
182.154	3832	3817	
182.322	3824	3815	
182.488	3824	3800	
182.64	3806	3648	
182.79	3830	3817	
182.957	3820	3805	
183.095	3801	3641	
183.263	3802	3731	
183.429	3820	3806	
183.592	3812	3785	
183.767	3798	3563	
183.915	3821	3747	
184.072	3821	3797	
184.23	3824	3811	
184.394	3800	3776	
184.56	3795	3765	
184.724	3802	3766	
184.899	3793	3746	
185.041	2496	2278	
185.229	2021	1878	
185.376	1736	1617	
185.526	1696	1580	
185.691	1681	1564	
185.874	1674	1557	
186.037	1673	1557	
186.201	3772	3755	
186.362	3766	3748	
186.52	3765	3746	
186.694	3762	3744	
186.847	3762	3744	
187.006	3764	3746	
187.162	3764	3747	
187.327	3765	3748	
187.478	3765	3748	
187.655	3766	3749	
187.794	3766	3750	
187.955	3767	3750	
188.144	3817	3832	
188.289	3823	3834	
188.47	3808	3797	
188.631	3802	3771	
188.771	3814	3798	
188.93	3821	3816	
189.112	3811	3779	
189.254	3802	3762	
189.43	3830	3827	
189.589	3818	3811	
189.741	3822	3794	
189.916	3817	3792	
190.072	3821	3811	
190.224	2873	2728	
190.412	3799	3768	
190.555	3818	3633	
190.721	3816	1057	
190.875	3827	1025	
191.068	3826	1016	
191.223	3828	1032	
191.387	3829	1049	
191.548	3829	1048	
191.707	3829	1048	
191.884	3828	1048	
192.006	3829	1048	
192.172	3828	1048	
192.333	3829	1048	
192.504	3828	1048	
192.711	3829	1049	
192.859	3829	1048	
193.02	3829	1048	
193.161	3829	1048	
193.329	3829	1048	
193.489	3828	1048	
193.634	3828	1048	
193.788	3829	1048	
193.95	3829	1048	
194.118	3828	1048	
194.278	3829	1049	
194.437	3828	1048	
194.598	3829	1048	
194.771	3829	1048	
194.932	3829	1048	
195.085	3828	1048	
195.282	3829	1048	
195.424	3828	1049	
195.591	3829	1049	
195.733	3828	1048	
260.214	3828	1047	
260.396	3828	1048	
260.564	3828	1047	
260.721	3829	1047	
260.859	3829	1047	
261.042	3828	1047	
261.192	3828	1047	
261.345	3829	1047	
261.508	3829	1047	
261.676	3828	996	
261.855	3832	990	
262.005	3828	1030	
262.17	3823	3824	
262.333	3812	3826	
262.488	3820	3792	
262.665	3827	2528	
262.839	3815	3822	
262.987	3806	3824	
263.139	3804	3822	
263.304	3781	3806	
263.472	3784	3815	
263.623	3792	3818	
263.786	3543	3710	
263.971	3490	3714	
264.118	2469	2650	
264.273	3670	3739	
264.44	3563	3705	
264.599	3600	3671	
264.758	3645	3738	
264.918	3781	3814	
265.101	3781	3809	
265.248	3702	3734	
265.406	3738	3762	
265.584	3746	3769	
265.739	3016	3072	
265.913	2610	2709	
266.052	2589	2702	
266.218	2400	2512	
266.398	2376	2494	
266.549	1984	2061	
266.712	1712	1748	
266.881	677	607	
267.049	585	515	
267.232	434	370	
267.433	332	280	
267.609	284	240	
267.767	260	219	
267.943	373	318	
268.121	324	273	
268.281	345	287	
268.452	389	325	
268.618	397	331	
268.802	446	373	
269.01	470	396	
269.151	508	432	
269.311	537	457	
269.484	578	494	
269.665	610	523	
269.861	611	524	
270.042	611	524	
270.186	608	521	
270.369	606	520	
270.545	516	433	
270.719	527	445	
270.883	397	308	
271.065	316	238	
271.233	488	390	
271.399	557	459	
271.573	355	259	
271.747	167	140	
271.945	241	183	
272.12	273	195	
272.294	359	242	
272.468	395	286	
272.646	434	324	
272.81	586	488	
272.99	1019	996	
273.131	1123	1112	
273.284	1374	1392	
273.448	1623	1753	
273.634	2104	2458	
273.797	3674	3800	
273.93	3783	3817	
274.122	3806	3813	
274.255	3810	3435	
274.436	3825	1894	
274.606	3832	3638	
274.768	3760	3742	
274.912	3736	3778	
275.087	3480	3104	
275.26	3640	3198	
275.391	3426	3241	
275.56	3509	3718	
275.728	3180	3082	
275.897	3305	2876	
276.052	3048	939	
276.209	2855	2375	
276.374	2678	2915	
276.549	2621	2616	
276.691	2571	2445	
276.877	2558	2414	
277.021	2556	2411	
277.187	2556	2407	
277.339	2553	2405	
277.513	2552	2404	
277.67	2553	2403	
277.826	2551	2400	
277.988	2550	2400	
278.155	2551	2400	
278.326	2552	2400	
278.473	2550	2400	
278.635	2545	2390	
278.827	2524	2387	
278.992	2530	2378	
279.121	2539	2404	
279.284	2868	2420	
279.464	3771	2560	
279.638	2673	1087	
279.8	2427	370	
279.957	2522	2353	
280.106	2456	2302	
280.279	2444	2339	
280.467	2474	2296	
280.611	2493	2272	
280.752	2460	2289	
280.915	2451	2351	
281.071	2456	2276	
281.255	2456	2274	
281.407	2429	2270	
281.575	2480	2328	
281.721	2518	2384	
281.908	2535	2398	
282.062	2532	2398	