sep=	
time (source1)	data.0	data.1	
0	3714	3286	
0.176	3713	3284	
0.344	3713	3285	
0.485	3714	3286	
0.659	3714	3285	
0.804	3713	3284	
0.966	3714	3285	
1.139	3714	3286	
1.315	3714	3285	
1.468	3714	3284	
1.631	3714	3285	
1.787	3714	3285	
1.963	3714	3284	
2.107	3715	3285	
2.271	3714	3285	
2.423	3716	3284	
2.595	3714	3286	
2.76	3714	3285	
2.928	3714	3284	
3.072	3714	3284	
3.238	3714	3285	
3.433	3714	3284	
12.02	3659	3170	
12.173	3654	3185	
12.327	3652	3184	
12.493	3659	3184	
12.676	3658	3198	
12.831	3660	3215	
12.98	3669	3224	
13.145	3672	3226	
13.297	3672	3222	
13.462	3672	3224	
13.627	3672	3220	
13.794	3678	3208	
13.96	854	3558	
14.114	3763	3721	
14.292	629	3408	
14.46	3737	3312	
14.606	3672	3332	
14.774	3772	3706	
14.929	3565	3363	
15.094	3721	3292	
15.259	3733	3444	
15.426	3772	3665	
15.579	3713	3225	
15.77	3730	3566	
15.923	3750	3617	
16.08	3766	3474	
16.24	3724	3420	
16.393	3708	3509	
16.567	3758	3561	
16.736	3764	3508	
16.872	3724	3436	
17.04	3733	496	
17.209	3761	3635	
17.381	3760	3536	
17.528	3765	3380	
17.691	3745	3480	
17.858	3757	3620	
18.043	3764	3515	
18.176	3762	3355	
18.342	3747	465	
18.505	3768	3504	
18.694	3765	3509	
18.853	3748	3492	
19.011	3746	3809	
19.153	3794	3163	
19.322	516	3296	
19.508	3723	1999	
19.668	3652	3345	
19.807	3723	3365	
19.986	3743	445	
20.138	3703	2561	
20.309	3713	3418	
20.494	549	3368	
20.658	3562	3377	
20.816	3664	3382	
20.955	3738	3432	
21.136	3738	3392	
21.289	3614	3382	
21.437	3696	3232	
21.601	3736	3429	
21.793	3692	3227	
21.954	3693	3486	
22.105	3745	3495	
22.272	3733	3446	
22.438	3637	3228	
22.587	3552	2504	
22.736	3707	3498	
22.921	3553	3299	
23.076	3705	3253	
23.237	3552	3264	
23.383	3726	3496	
23.57	3245	3422	
23.72	3697	3284	
23.872	3649	3338	
24.031	3706	3500	
24.232	3715	3449	
24.377	3681	3249	
24.516	3581	1728	
24.713	3710	3537	
24.884	702	3471	
25.023	3673	3157	
25.183	3556	2938	
25.334	3592	3533	
25.517	3745	3394	
25.669	3683	431	
25.85	3653	3321	
26.004	3697	3442	